R-wrapper test: PLIO

Inputs (rwrap_param):
   1    0.10000E+01
   2    0.10000E+01
   3    0.10000E+01
   4    0.10000E-06
   5    0.50000E+04
   6    0.10000E+03
   7    0.12000E+05
   8    0.10000E+02
   9    0.10000E+01
  10    0.30000E+00
  11    0.10000E+01

Outputs:

          vol(km3)  areag(km2)      esl(m)     desl(m)     rmsh(m)
PLIO:     16161315     8619039      38.568      19.598
LIG :            0           0       0.000      58.166
LGM :            0           0       0.000      58.166
MOD :            0           0       0.000      58.166       0.000
OBS :     27266773    12856435      58.166       0.000
2100:            0           0       0.000      58.166
2200:            0           0       0.000      58.166
2300:            0           0       0.000      58.166
2400:            0           0       0.000      58.166
2500:            0           0       0.000      58.166

mod_h (10 m):
         -2760   -2600   -2440   -2280   -2120   -1960   -1800   -1640   -1480   -1320   -1160   -1000    -840    -680    -520    -360    -200     -40     120     280     440     600     760     920    1080    1240    1400    1560    1720    1880    2040    2200    2360    2520    2680
    2760     0   0   0   0   0   0   0   0   0   0   0   0   0   0   0   0   0   0   0   0   0   0   0   0   0   0   0   0   0   0   0   0   0   0   0   0   0   0   0   0   0   0   0   0   0   0   0   0   0   0   0   0   0   0   0   0   0   0   0   0   0   0   0   0   0   0   0   0   0   0
    2680     0   0   0   0   0   0   0   0   0   0   0   0   0   0   0   0   0   0   0   0   0   0   0   0   0   0   0   0   0   0   0   0   0   0   0   0   0   0   0   0   0   0   0   0   0   0   0   0   0   0   0   0   0   0   0   0   0   0   0   0   0   0   0   0   0   0   0   0   0   0
    2600     0   0   0   0   0   0   0   0   0   0   0   0   0   0   0   0   0   0   0   0   0   0   0   0   0   0   0   0   0   0   0   0   0   0   0   0   0   0   0   0   0   0   0   0   0   0   0   0   0   0   0   0   0   0   0   0   0   0   0   0   0   0   0   0   0   0   0   0   0   0
    2520     0   0   0   0   0   0   0   0   0   0   0   0   0   0   0   0   0   0   0   0   0   0   0   0   0   0   0   0   0   0   0   0   0   0   0   0   0   0   0   0   0   0   0   0   0   0   0   0   0   0   0   0   0   0   0   0   0   0   0   0   0   0   0   0   0   0   0   0   0   0
    2440     0   0   0   0   0   0   0   0   0   0   0   0   0   0   0   0   0   0   0   0   0   0   0   0   0   0   0   0   0   0   0   0   0   0   0   0   0   0   0   0   0   0   0   0   0   0   0   0   0   0   0   0   0   0   0   0   0   0   0   0   0   0   0   0   0   0   0   0   0   0
    2360     0   0   0   0   0   0   0   0   0   0   0   0   0   0   0   0   0   0   0   0   0   0   0   0   0   0   0   0   0   0   0   0   0   0   0   0   0   0   0   0   0   0   0   0   0   0   0   0   0   0   0   0   0   0   0   0   0   0   0   0   0   0   0   0   0   0   0   0   0   0
    2280     0   0   0   0   0   0   0   0   0   0   0   0   0   0   0   0   0   0   0   0   0   0   0   0   0   0   0   0   0   0   0   0   0   0   0   0   0   0   0   0   0   0   0   0   0   0   0   0   0   0   0   0   0   0   0   0   0   0   0   0   0   0   0   0   0   0   0   0   0   0
    2200     0   0   0   0   0   0   0   0   0   0   0   0   0   0   0   0   0   0   0   0   0   0   0   0   0   0   0   0   0   0   0   0   0   0   0   0   0   0   0   0   0   0   0   0   0   0   0   0   0   0   0   0   0   0   0   0   0   0   0   0   0   0   0   0   0   0   0   0   0   0
    2120     0   0   0   0   0   0   0   0   0   0   0   0   0   0   0   0   0   0   0   0   0   0   0   0   0   0   0   0   0   0   0   0   0   0   0   0   0   0   0   0   0   0   0   0   0   0   0   0   0   0   0   0   0   0   0   0   0   0   0   0   0   0   0   0   0   0   0   0   0   0
    2040     0   0   0   0   0   0   0   0   0   0   0   0   0   0   0   0   0   0   0   0   0   0   0   0   0   0   0   0   0   0   0   0   0   0   0   0   0   0   0   0   0   0   0   0   0   0   0   0   0   0   0   0   0   0   0   0   0   0   0   0   0   0   0   0   0   0   0   0   0   0
    1960     0   0   0   0   0   0   0   0   0   0   0   0   0   0   0   0   0   0   0   0   0   0   0   0   0   0   0   0   0   0   0   0   0   0   0   0   0   0   0   0   0   0   0   0   0   0   0   0   0   0   0   0   0   0   0   0   0   0   0   0   0   0   0   0   0   0   0   0   0   0
    1880     0   0   0   0   0   0   0   0   0   0   0   0   0   0   0   0   0   0   0   0   0   0   0   0   0   0   0   0   0   0   0   0   0   0   0   0   0   0   0   0   0   0   0   0   0   0   0   0   0   0   0   0   0   0   0   0   0   0   0   0   0   0   0   0   0   0   0   0   0   0
    1800     0   0   0   0   0   0   0   0   0   0   0   0   0   0   0   0   0   0   0   0   0   0   0   0   0   0   0   0   0   0   0   0   0   0   0   0   0   0   0   0   0   0   0   0   0   0   0   0   0   0   0   0   0   0   0   0   0   0   0   0   0   0   0   0   0   0   0   0   0   0
    1720     0   0   0   0   0   0   0   0   0   0   0   0   0   0   0   0   0   0   0   0   0   0   0   0   0   0   0   0   0   0   0   0   0   0   0   0   0   0   0   0   0   0   0   0   0   0   0   0   0   0   0   0   0   0   0   0   0   0   0   0   0   0   0   0   0   0   0   0   0   0
    1640     0   0   0   0   0   0   0   0   0   0   0   0   0   0   0   0   0   0   0   0   0   0   0   0   0   0   0   0   0   0   0   0   0   0   0   0   0   0   0   0   0   0   0   0   0   0   0   0   0   0   0   0   0   0   0   0   0   0   0   0   0   0   0   0   0   0   0   0   0   0
    1560     0   0   0   0   0   0   0   0   0   0   0   0   0   0   0   0   0   0   0   0   0   0   0   0   0   0   0   0   0   0   0   0   0   0   0   0   0   0   0   0   0   0   0   0   0   0   0   0   0   0   0   0   0   0   0   0   0   0   0   0   0   0   0   0   0   0   0   0   0   0
    1480     0   0   0   0   0   0   0   0   0   0   0   0   0   0   0   0   0   0   0   0   0   0   0   0   0   0   0   0   0   0   0   0   0   0   0   0   0   0   0   0   0   0   0   0   0   0   0   0   0   0   0   0   0   0   0   0   0   0   0   0   0   0   0   0   0   0   0   0   0   0
    1400     0   0   0   0   0   0   0   0   0   0   0   0   0   0   0   0   0   0   0   0   0   0   0   0   0   0   0   0   0   0   0   0   0   0   0   0   0   0   0   0   0   0   0   0   0   0   0   0   0   0   0   0   0   0   0   0   0   0   0   0   0   0   0   0   0   0   0   0   0   0
    1320     0   0   0   0   0   0   0   0   0   0   0   0   0   0   0   0   0   0   0   0   0   0   0   0   0   0   0   0   0   0   0   0   0   0   0   0   0   0   0   0   0   0   0   0   0   0   0   0   0   0   0   0   0   0   0   0   0   0   0   0   0   0   0   0   0   0   0   0   0   0
    1240     0   0   0   0   0   0   0   0   0   0   0   0   0   0   0   0   0   0   0   0   0   0   0   0   0   0   0   0   0   0   0   0   0   0   0   0   0   0   0   0   0   0   0   0   0   0   0   0   0   0   0   0   0   0   0   0   0   0   0   0   0   0   0   0   0   0   0   0   0   0
    1160     0   0   0   0   0   0   0   0   0   0   0   0   0   0   0   0   0   0   0   0   0   0   0   0   0   0   0   0   0   0   0   0   0   0   0   0   0   0   0   0   0   0   0   0   0   0   0   0   0   0   0   0   0   0   0   0   0   0   0   0   0   0   0   0   0   0   0   0   0   0
    1080     0   0   0   0   0   0   0   0   0   0   0   0   0   0   0   0   0   0   0   0   0   0   0   0   0   0   0   0   0   0   0   0   0   0   0   0   0   0   0   0   0   0   0   0   0   0   0   0   0   0   0   0   0   0   0   0   0   0   0   0   0   0   0   0   0   0   0   0   0   0
    1000     0   0   0   0   0   0   0   0   0   0   0   0   0   0   0   0   0   0   0   0   0   0   0   0   0   0   0   0   0   0   0   0   0   0   0   0   0   0   0   0   0   0   0   0   0   0   0   0   0   0   0   0   0   0   0   0   0   0   0   0   0   0   0   0   0   0   0   0   0   0
     920     0   0   0   0   0   0   0   0   0   0   0   0   0   0   0   0   0   0   0   0   0   0   0   0   0   0   0   0   0   0   0   0   0   0   0   0   0   0   0   0   0   0   0   0   0   0   0   0   0   0   0   0   0   0   0   0   0   0   0   0   0   0   0   0   0   0   0   0   0   0
     840     0   0   0   0   0   0   0   0   0   0   0   0   0   0   0   0   0   0   0   0   0   0   0   0   0   0   0   0   0   0   0   0   0   0   0   0   0   0   0   0   0   0   0   0   0   0   0   0   0   0   0   0   0   0   0   0   0   0   0   0   0   0   0   0   0   0   0   0   0   0
     760     0   0   0   0   0   0   0   0   0   0   0   0   0   0   0   0   0   0   0   0   0   0   0   0   0   0   0   0   0   0   0   0   0   0   0   0   0   0   0   0   0   0   0   0   0   0   0   0   0   0   0   0   0   0   0   0   0   0   0   0   0   0   0   0   0   0   0   0   0   0
     680     0   0   0   0   0   0   0   0   0   0   0   0   0   0   0   0   0   0   0   0   0   0   0   0   0   0   0   0   0   0   0   0   0   0   0   0   0   0   0   0   0   0   0   0   0   0   0   0   0   0   0   0   0   0   0   0   0   0   0   0   0   0   0   0   0   0   0   0   0   0
     600     0   0   0   0   0   0   0   0   0   0   0   0   0   0   0   0   0   0   0   0   0   0   0   0   0   0   0   0   0   0   0   0   0   0   0   0   0   0   0   0   0   0   0   0   0   0   0   0   0   0   0   0   0   0   0   0   0   0   0   0   0   0   0   0   0   0   0   0   0   0
     520     0   0   0   0   0   0   0   0   0   0   0   0   0   0   0   0   0   0   0   0   0   0   0   0   0   0   0   0   0   0   0   0   0   0   0   0   0   0   0   0   0   0   0   0   0   0   0   0   0   0   0   0   0   0   0   0   0   0   0   0   0   0   0   0   0   0   0   0   0   0
     440     0   0   0   0   0   0   0   0   0   0   0   0   0   0   0   0   0   0   0   0   0   0   0   0   0   0   0   0   0   0   0   0   0   0   0   0   0   0   0   0   0   0   0   0   0   0   0   0   0   0   0   0   0   0   0   0   0   0   0   0   0   0   0   0   0   0   0   0   0   0
     360     0   0   0   0   0   0   0   0   0   0   0   0   0   0   0   0   0   0   0   0   0   0   0   0   0   0   0   0   0   0   0   0   0   0   0   0   0   0   0   0   0   0   0   0   0   0   0   0   0   0   0   0   0   0   0   0   0   0   0   0   0   0   0   0   0   0   0   0   0   0
     280     0   0   0   0   0   0   0   0   0   0   0   0   0   0   0   0   0   0   0   0   0   0   0   0   0   0   0   0   0   0   0   0   0   0   0   0   0   0   0   0   0   0   0   0   0   0   0   0   0   0   0   0   0   0   0   0   0   0   0   0   0   0   0   0   0   0   0   0   0   0
     200     0   0   0   0   0   0   0   0   0   0   0   0   0   0   0   0   0   0   0   0   0   0   0   0   0   0   0   0   0   0   0   0   0   0   0   0   0   0   0   0   0   0   0   0   0   0   0   0   0   0   0   0   0   0   0   0   0   0   0   0   0   0   0   0   0   0   0   0   0   0
     120     0   0   0   0   0   0   0   0   0   0   0   0   0   0   0   0   0   0   0   0   0   0   0   0   0   0   0   0   0   0   0   0   0   0   0   0   0   0   0   0   0   0   0   0   0   0   0   0   0   0   0   0   0   0   0   0   0   0   0   0   0   0   0   0   0   0   0   0   0   0
      40     0   0   0   0   0   0   0   0   0   0   0   0   0   0   0   0   0   0   0   0   0   0   0   0   0   0   0   0   0   0   0   0   0   0   0   0   0   0   0   0   0   0   0   0   0   0   0   0   0   0   0   0   0   0   0   0   0   0   0   0   0   0   0   0   0   0   0   0   0   0
     -40     0   0   0   0   0   0   0   0   0   0   0   0   0   0   0   0   0   0   0   0   0   0   0   0   0   0   0   0   0   0   0   0   0   0   0   0   0   0   0   0   0   0   0   0   0   0   0   0   0   0   0   0   0   0   0   0   0   0   0   0   0   0   0   0   0   0   0   0   0   0
    -120     0   0   0   0   0   0   0   0   0   0   0   0   0   0   0   0   0   0   0   0   0   0   0   0   0   0   0   0   0   0   0   0   0   0   0   0   0   0   0   0   0   0   0   0   0   0   0   0   0   0   0   0   0   0   0   0   0   0   0   0   0   0   0   0   0   0   0   0   0   0
    -200     0   0   0   0   0   0   0   0   0   0   0   0   0   0   0   0   0   0   0   0   0   0   0   0   0   0   0   0   0   0   0   0   0   0   0   0   0   0   0   0   0   0   0   0   0   0   0   0   0   0   0   0   0   0   0   0   0   0   0   0   0   0   0   0   0   0   0   0   0   0
    -280     0   0   0   0   0   0   0   0   0   0   0   0   0   0   0   0   0   0   0   0   0   0   0   0   0   0   0   0   0   0   0   0   0   0   0   0   0   0   0   0   0   0   0   0   0   0   0   0   0   0   0   0   0   0   0   0   0   0   0   0   0   0   0   0   0   0   0   0   0   0
    -360     0   0   0   0   0   0   0   0   0   0   0   0   0   0   0   0   0   0   0   0   0   0   0   0   0   0   0   0   0   0   0   0   0   0   0   0   0   0   0   0   0   0   0   0   0   0   0   0   0   0   0   0   0   0   0   0   0   0   0   0   0   0   0   0   0   0   0   0   0   0
    -440     0   0   0   0   0   0   0   0   0   0   0   0   0   0   0   0   0   0   0   0   0   0   0   0   0   0   0   0   0   0   0   0   0   0   0   0   0   0   0   0   0   0   0   0   0   0   0   0   0   0   0   0   0   0   0   0   0   0   0   0   0   0   0   0   0   0   0   0   0   0
    -520     0   0   0   0   0   0   0   0   0   0   0   0   0   0   0   0   0   0   0   0   0   0   0   0   0   0   0   0   0   0   0   0   0   0   0   0   0   0   0   0   0   0   0   0   0   0   0   0   0   0   0   0   0   0   0   0   0   0   0   0   0   0   0   0   0   0   0   0   0   0
    -600     0   0   0   0   0   0   0   0   0   0   0   0   0   0   0   0   0   0   0   0   0   0   0   0   0   0   0   0   0   0   0   0   0   0   0   0   0   0   0   0   0   0   0   0   0   0   0   0   0   0   0   0   0   0   0   0   0   0   0   0   0   0   0   0   0   0   0   0   0   0
    -680     0   0   0   0   0   0   0   0   0   0   0   0   0   0   0   0   0   0   0   0   0   0   0   0   0   0   0   0   0   0   0   0   0   0   0   0   0   0   0   0   0   0   0   0   0   0   0   0   0   0   0   0   0   0   0   0   0   0   0   0   0   0   0   0   0   0   0   0   0   0
    -760     0   0   0   0   0   0   0   0   0   0   0   0   0   0   0   0   0   0   0   0   0   0   0   0   0   0   0   0   0   0   0   0   0   0   0   0   0   0   0   0   0   0   0   0   0   0   0   0   0   0   0   0   0   0   0   0   0   0   0   0   0   0   0   0   0   0   0   0   0   0
    -840     0   0   0   0   0   0   0   0   0   0   0   0   0   0   0   0   0   0   0   0   0   0   0   0   0   0   0   0   0   0   0   0   0   0   0   0   0   0   0   0   0   0   0   0   0   0   0   0   0   0   0   0   0   0   0   0   0   0   0   0   0   0   0   0   0   0   0   0   0   0
    -920     0   0   0   0   0   0   0   0   0   0   0   0   0   0   0   0   0   0   0   0   0   0   0   0   0   0   0   0   0   0   0   0   0   0   0   0   0   0   0   0   0   0   0   0   0   0   0   0   0   0   0   0   0   0   0   0   0   0   0   0   0   0   0   0   0   0   0   0   0   0
   -1000     0   0   0   0   0   0   0   0   0   0   0   0   0   0   0   0   0   0   0   0   0   0   0   0   0   0   0   0   0   0   0   0   0   0   0   0   0   0   0   0   0   0   0   0   0   0   0   0   0   0   0   0   0   0   0   0   0   0   0   0   0   0   0   0   0   0   0   0   0   0
   -1080     0   0   0   0   0   0   0   0   0   0   0   0   0   0   0   0   0   0   0   0   0   0   0   0   0   0   0   0   0   0   0   0   0   0   0   0   0   0   0   0   0   0   0   0   0   0   0   0   0   0   0   0   0   0   0   0   0   0   0   0   0   0   0   0   0   0   0   0   0   0
   -1160     0   0   0   0   0   0   0   0   0   0   0   0   0   0   0   0   0   0   0   0   0   0   0   0   0   0   0   0   0   0   0   0   0   0   0   0   0   0   0   0   0   0   0   0   0   0   0   0   0   0   0   0   0   0   0   0   0   0   0   0   0   0   0   0   0   0   0   0   0   0
   -1240     0   0   0   0   0   0   0   0   0   0   0   0   0   0   0   0   0   0   0   0   0   0   0   0   0   0   0   0   0   0   0   0   0   0   0   0   0   0   0   0   0   0   0   0   0   0   0   0   0   0   0   0   0   0   0   0   0   0   0   0   0   0   0   0   0   0   0   0   0   0
   -1320     0   0   0   0   0   0   0   0   0   0   0   0   0   0   0   0   0   0   0   0   0   0   0   0   0   0   0   0   0   0   0   0   0   0   0   0   0   0   0   0   0   0   0   0   0   0   0   0   0   0   0   0   0   0   0   0   0   0   0   0   0   0   0   0   0   0   0   0   0   0
   -1400     0   0   0   0   0   0   0   0   0   0   0   0   0   0   0   0   0   0   0   0   0   0   0   0   0   0   0   0   0   0   0   0   0   0   0   0   0   0   0   0   0   0   0   0   0   0   0   0   0   0   0   0   0   0   0   0   0   0   0   0   0   0   0   0   0   0   0   0   0   0
   -1480     0   0   0   0   0   0   0   0   0   0   0   0   0   0   0   0   0   0   0   0   0   0   0   0   0   0   0   0   0   0   0   0   0   0   0   0   0   0   0   0   0   0   0   0   0   0   0   0   0   0   0   0   0   0   0   0   0   0   0   0   0   0   0   0   0   0   0   0   0   0
   -1560     0   0   0   0   0   0   0   0   0   0   0   0   0   0   0   0   0   0   0   0   0   0   0   0   0   0   0   0   0   0   0   0   0   0   0   0   0   0   0   0   0   0   0   0   0   0   0   0   0   0   0   0   0   0   0   0   0   0   0   0   0   0   0   0   0   0   0   0   0   0
   -1640     0   0   0   0   0   0   0   0   0   0   0   0   0   0   0   0   0   0   0   0   0   0   0   0   0   0   0   0   0   0   0   0   0   0   0   0   0   0   0   0   0   0   0   0   0   0   0   0   0   0   0   0   0   0   0   0   0   0   0   0   0   0   0   0   0   0   0   0   0   0
   -1720     0   0   0   0   0   0   0   0   0   0   0   0   0   0   0   0   0   0   0   0   0   0   0   0   0   0   0   0   0   0   0   0   0   0   0   0   0   0   0   0   0   0   0   0   0   0   0   0   0   0   0   0   0   0   0   0   0   0   0   0   0   0   0   0   0   0   0   0   0   0
   -1800     0   0   0   0   0   0   0   0   0   0   0   0   0   0   0   0   0   0   0   0   0   0   0   0   0   0   0   0   0   0   0   0   0   0   0   0   0   0   0   0   0   0   0   0   0   0   0   0   0   0   0   0   0   0   0   0   0   0   0   0   0   0   0   0   0   0   0   0   0   0
   -1880     0   0   0   0   0   0   0   0   0   0   0   0   0   0   0   0   0   0   0   0   0   0   0   0   0   0   0   0   0   0   0   0   0   0   0   0   0   0   0   0   0   0   0   0   0   0   0   0   0   0   0   0   0   0   0   0   0   0   0   0   0   0   0   0   0   0   0   0   0   0
   -1960     0   0   0   0   0   0   0   0   0   0   0   0   0   0   0   0   0   0   0   0   0   0   0   0   0   0   0   0   0   0   0   0   0   0   0   0   0   0   0   0   0   0   0   0   0   0   0   0   0   0   0   0   0   0   0   0   0   0   0   0   0   0   0   0   0   0   0   0   0   0
   -2040     0   0   0   0   0   0   0   0   0   0   0   0   0   0   0   0   0   0   0   0   0   0   0   0   0   0   0   0   0   0   0   0   0   0   0   0   0   0   0   0   0   0   0   0   0   0   0   0   0   0   0   0   0   0   0   0   0   0   0   0   0   0   0   0   0   0   0   0   0   0
   -2120     0   0   0   0   0   0   0   0   0   0   0   0   0   0   0   0   0   0   0   0   0   0   0   0   0   0   0   0   0   0   0   0   0   0   0   0   0   0   0   0   0   0   0   0   0   0   0   0   0   0   0   0   0   0   0   0   0   0   0   0   0   0   0   0   0   0   0   0   0   0
   -2200     0   0   0   0   0   0   0   0   0   0   0   0   0   0   0   0   0   0   0   0   0   0   0   0   0   0   0   0   0   0   0   0   0   0   0   0   0   0   0   0   0   0   0   0   0   0   0   0   0   0   0   0   0   0   0   0   0   0   0   0   0   0   0   0   0   0   0   0   0   0
   -2280     0   0   0   0   0   0   0   0   0   0   0   0   0   0   0   0   0   0   0   0   0   0   0   0   0   0   0   0   0   0   0   0   0   0   0   0   0   0   0   0   0   0   0   0   0   0   0   0   0   0   0   0   0   0   0   0   0   0   0   0   0   0   0   0   0   0   0   0   0   0
   -2360     0   0   0   0   0   0   0   0   0   0   0   0   0   0   0   0   0   0   0   0   0   0   0   0   0   0   0   0   0   0   0   0   0   0   0   0   0   0   0   0   0   0   0   0   0   0   0   0   0   0   0   0   0   0   0   0   0   0   0   0   0   0   0   0   0   0   0   0   0   0
   -2440     0   0   0   0   0   0   0   0   0   0   0   0   0   0   0   0   0   0   0   0   0   0   0   0   0   0   0   0   0   0   0   0   0   0   0   0   0   0   0   0   0   0   0   0   0   0   0   0   0   0   0   0   0   0   0   0   0   0   0   0   0   0   0   0   0   0   0   0   0   0
   -2520     0   0   0   0   0   0   0   0   0   0   0   0   0   0   0   0   0   0   0   0   0   0   0   0   0   0   0   0   0   0   0   0   0   0   0   0   0   0   0   0   0   0   0   0   0   0   0   0   0   0   0   0   0   0   0   0   0   0   0   0   0   0   0   0   0   0   0   0   0   0
   -2600     0   0   0   0   0   0   0   0   0   0   0   0   0   0   0   0   0   0   0   0   0   0   0   0   0   0   0   0   0   0   0   0   0   0   0   0   0   0   0   0   0   0   0   0   0   0   0   0   0   0   0   0   0   0   0   0   0   0   0   0   0   0   0   0   0   0   0   0   0   0
   -2680     0   0   0   0   0   0   0   0   0   0   0   0   0   0   0   0   0   0   0   0   0   0   0   0   0   0   0   0   0   0   0   0   0   0   0   0   0   0   0   0   0   0   0   0   0   0   0   0   0   0   0   0   0   0   0   0   0   0   0   0   0   0   0   0   0   0   0   0   0   0
   -2760     0   0   0   0   0   0   0   0   0   0   0   0   0   0   0   0   0   0   0   0   0   0   0   0   0   0   0   0   0   0   0   0   0   0   0   0   0   0   0   0   0   0   0   0   0   0   0   0   0   0   0   0   0   0   0   0   0   0   0   0   0   0   0   0   0   0   0   0   0   0

obs_h (10 m):
         -2760   -2600   -2440   -2280   -2120   -1960   -1800   -1640   -1480   -1320   -1160   -1000    -840    -680    -520    -360    -200     -40     120     280     440     600     760     920    1080    1240    1400    1560    1720    1880    2040    2200    2360    2520    2680
    2760     0   0   0   0   0   0   0   0   0   0   0   0   0   0   0   0   0   0   0   0   0   0   0   0   0   0   0   0   0   0   0   0   0   0   0   0   0   0   0   0   0   0   0   0   0   0   0   0   0   0   0   0   0   0   0   0   0   0   0   0   0   0   0   0   0   0   0   0   0   0
    2680     0   0   0   0   0   0   0   0   0   0   0   0   0   0   0   0   0   0   0   0   0   0   0   0   0   0   0   0   0   0   0   0   0   0   0   0   0   0   0   0   0   0   0   0   0   0   0   0   0   0   0   0   0   0   0   0   0   0   0   0   0   0   0   0   0   0   0   0   0   0
    2600     0   0   0   0   0   0   0   0   0   0   0   0   0   0   0   0   0   0   0   0   0   0   0   0   0   0   0   0   0   0   0   0   0   0   0   0   0   0   0   0   0   0   0   0   0   0   0   0   0   0   0   0   0   0   0   0   0   0   0   0   0   0   0   0   0   0   0   0   0   0
    2520     0   0   0   0   0   0   0   0   0   0   0   0   0   0   0   0   0   0   0   0   0   0   0   0   0   0   0   0   0   0   0   0   0   0   0   0   0   0   0   0   0   0   0   0   0   0   0   0   0   0   0   0   0   0   0   0   0   0   0   0   0   0   0   0   0   0   0   0   0   0
    2440     0   0   0   0   0   0   0   0   0   0   0   0   0   0   0   0   0   0   0   0   0   0   0   0   0   0   0   0   0   0   0   0   0   0   0   0   0   0   0   0   0   0   0   0   0   0   0   0   0   0   0   0   0   0   0   0   0   0   0   0   0   0   0   0   0   0   0   0   0   0
    2360     0   0   0   0   0   0   0   0   0   0   0   0   0   0   0   0   0   0   0   0   0   0   0   0   0   0   0   0   0   0   0   0   0   0   0   0   0   0   0   0   0   0   0   0   0   0   0   0   0   0   0   0   0   0   0   0   0   0   0   0   0   0   0   0   0   0   0   0   0   0
    2280     0   0   0   0   0   0   0   0   0   0   0   0   0   0   0   0   0   0   0   0   0   0   0   0   0   0   0   0   0   0   0   0   0   0  28  27   0   0   0   0   0   0   0   0   0   0   0   0   0   0   0   0   0   0   0   0   0   0   0   0   0   0   0   0   0   0   0   0   0   0
    2200     0   0   0   0   0   0   0   0   0   0   0   0   0   0   0   0   0   0   0   0   0   0   0   0   0   0   0   0   0   0   0   0   0  30  28  26  18  28  25  18  16  17  21   0   0   0   0   0   0   0   0   0   0   0   0   0   0   0   0   0   0   0   0   0   0   0   0   0   0   0
    2120     0   0   0   0   0   0   0   0   0   0   0   0   0   0   0   0   0   0   0   0   0   0   0   0   0   0   0   0   0   0  25  27  36  40  29  27  37  52  60  52  35  34  38  35  23   0   0   0   0   0   0   0   0   0   0   0   0   0   0   0   0   0   0   0   0   0   0   0   0   0
    2040     0   0   0   0   0   0   0   0   0   0   0   0   0   0   0   0   0   0   0   0   0   0   0   0   0   0   0   0   0  34  42  53  68  58  40  62  88 102 114  92  82 104  91  52  31  30   0   0   0   0   0   0   0   0   0   0   0   0   0   0   0   0   0   0   0   0   0   0   0   0
    1960     0   0   0   0   0   0   0   0   0   0   0   0   0   0   0   0   0   0   0   0   0   0   0   0   0   0   0   0   0  27  68  80  87  85  90  64  59  55  67  70  50 106 114  88  72  57  33  35  27  20  37  56   0   0   0   0   0   0   0   0   0   0   0   0   0   0   0   0   0   0
    1880     0   0   0   0   0   0   0   0   0   0   0   0   0   0   0   0   0   0   0   0   0   0   0   0   0   0   0   0  23  31  78  83  78  97 127 104 133 157 155 139 101  98  94 114 112  78  54  46  44  18  63  43   0   0   0   0   0   0   0   0   0   0   0   0   0   0   0   0   0   0
    1800     0   0  13   0   0   0   0   0   0   0   0   0   0   0   0   0   0   0   0   0   0   0   0   0   0   0   0  25  31  62 112 107 138  98 151 202 194 225 238 240 191 174 144  84  58  42  97 129 118  89  90  41  18  31  29  15   0   0   0   0   0   0   0   0   0   0   0   0   0   0
    1720     0   0   0   0  31   0   0   0   0   0   0   0   0   0   0   0   0   0   0   0   0   0   0   0   0   0   0  30  34  82 132 132  89 167 200 224 242 256 276 295 273 230 178 141 108  47  99 156 143 123 124  96  52  92 106  74  61  38  34  35   0   0   0   0   0   0   0   0   0   0
    1640     0  12  11  27  20   0   0   0   0   0   0   0   0   0   0   0   0   0   0   0   0   0   0   0   0  24  19  37  44  87 102 103 171 237 237 260 246 262 271 295 294 280 252 213 173 130 171 133 145  86 119 134 138 134 120 131 106  50  29  22  33  54   0   0   0   0   0   0   0   0
    1560     0   1   0  23  11   6   0   0   0   0   0   0   0   0   0   0   0   0   0   0   0   0   0   0   0  25  22  22  51 113 106 185 226 275 248 264 269 282 279 309 293 276 286 268 224 188 220 207 151 137 158 167 182 169 166 135 128  78  55  53  38  51  57   0   0   0   0   0   0   0
    1480     0   1   3  17  11   7   0   0   0   0   0   0   0   0   0   0   0   0   0   0   0   0   0   0   0   5  12  21  85 138 137 214 259 277 265 258 265 279 296 308 297 287 275 265 227 193 233 214 193 184 198 190 206 222 212 183 178 127  88 104  98  56  54   0   0   0   0   0   0   0
    1400     0   0   0  16   9   8   0   0   0   0   0   0   0   0   0   0   0   0   0   0   0   0   0   0   0  14  25  85 143 158 157 221 272 284 281 247 254 274 290 295 308 312 278 275 272 239 247 230 191 205 201 213 251 252 226 204 207 152 119 109  75  37  31   0   0   0   0   0   0   0
    1320     0   0   0   5  12  19  14   0   0   0   0   0   0   0   0   0   0   0   0   0   0   0   0   0   0  26  79 113 152 155 167 215 285 295 299 304 281 281 295 302 308 308 307 297 277 273 264 238 233 241 242 252 242 241 214 231 234 210 182 125  96  68   0   0   0   0   0   0   0   0
    1240     0   0   0  11  13  23  25  24  22   0   0   0   0   0   0   0   0   0   0   0   0   0   0   0   0  45  92 124 145 176 223 242 178 250 313 315 301 281 285 278 295 302 285 244 261 277 278 277 283 278 269 280 254 242 242 268 247 224 213 150 102  78  12   0   0   0   0   0   0   0
    1160     0   0   0   0   4  27  31  29  28  18   0   0   0   0   0   0   0   0   0   0   0   0   0   0   0  64  92 147 175 177 188 184 195 266 283 277 278 266 279 280 302 302 294 277 282 291 290 291 301 313 299 283 282 272 286 287 263 222 211 180 155 101  34   0   0   0   0   0   0   0
    1080     0   0   0   0  13  21  26  31  29  17  12   7   0   0   0   0   0   0   0   0   0   0   0   0   0  48  97 150  84 118 168 181 216 261 270 251 243 265 281 291 306 308 306 312 297 285 284 305 324 318 297 231 238 265 282 252 206 240 220 146 174 109  69   0   0   0   0   0   0   0
    1000     0   0   0   0  16   8  20  30  34  23  26  19  17  13   2   0   0   0   0   0   0   0   0   0  52  55  72 104 104 146 105 164 199 191 236 215 231 254 260 274 297 311 338 342 310 258 266 299 313 313 267 222 208 235 215 180 186 204 182 101 133 116  86  25   0   0   0   0   0   0
     920     0   0   0   0   0  34  15   8  20  63  82  50  32  24  19  33   0   0   0   0  20  26  43  66  56  70  84  96  68  93 225 238 287 298 290 251 283 272 242 237 274 310 326 320 320 315 311 329 332 292 251 218 215 212 157 103 178 149  87  61 114 130 112  55   0   0   0   0   0   0
     840     0   0   0   0   0   0  30   0  13  53  49  77  73  57  29  22  27  34  35  36  30  34  42  81  74  73  80  80 151 208 142 144 178 208 271 300 293 298 262 243 236 244 280 284 305 347 360 369 323 295 258 221 163 194 147 121 135 133  50  52  78  77  72  49   0   0   0   0   0   0
     760     0   0   0   0   0   0   0  29  18  16  18  24  51  84  82  32  33  31  41  42  38  40  46  64  91  74  86  89 149  98 112 132 171 204 236 273 279 315 316 247 245 239 261 270 276 362 348 365 326 295 235 200 160 198 167 118 106  94  56  42  58  47  34   0   0   0   0   0   0   0
     680     0   0   0   0   0   0   0  13   9  13  34  51  39  72  99  90  32  38  48  45  42  42  51  54  74  84  96  79 118 116 122 140 164 208 229 237 263 316 306 219 231 243 279 290 330 350 359 349 315 309 279 269 236 184 157 135  77  80  73  63  50  39  31  27   0   0   0   0   0   0
     600     0   0   0   0   0   0   0   0  24  15  31  30  30  68 129  98  61  40  55  49  42  46  55  68  76  92  94 101 130 144 124 143 173 204 223 241 264 317 278 238 239 274 292 304 343 345 342 335 278 243 219 197 206 224 191 181 132 118 111  99  89  49  28   0   0   0   0   0   0   0
     520     0   0   0   0   0   0   0   0  44  40  35  40  30  65 100  77  72  57  64  56  46  47  49  71  93 106  72  74 137 125 110 155 194 221 234 246 277 292 245 223 263 316 300 307 314 325 329 309 256 230 199 179 214 257 230 154 116  81 129 147 142 107  66  16   0   0   0   0   0   0
     440     0   0   0   0   0   0   0   0   0   0   0  25  25  55 110 103 122  86  71  64  61  64  75  76  97 110  98  53 152 147 133 154 175 218 234 259 274 266 226 246 335 332 314 308 316 329 329 319 265 207 213 200 267 284 191 163 146 125 172 166 154 139 137  90  69   0   0   0   0   0
     360     0   0   0   0   0   0   0   0   0   0   0  25  31  80 119 183 144  94  80  80  86  93  98 100 111 114 117  99 129 201 234 262 245 260 277 265 279 252 233 317 312 285 277 273 301 305 332 292 257 202 224 303 348 285 207 216 221 223 217 209 185 170 189 151 118  50  22   0   0   0
     280     0   0   0   0   0   0   0   0   0   0   0   0  45 102 152 170 143  73 110  94  91  91 105 123 152 165 109 105 100 169 219 258 271 272 297 308 290 247 278 305 284 285 243 222 266 237 236 228 229 180 196 319 272 273 266 256 255 269 271 260 233 205 206 186 153 100  33  28   0   0
     200     0   0   0   0   0   0   0   0   0   0   0   0  63 129 174 219 205 116 115  95 102  67 131 160 164 188 142 116  95  87 148 197 250 268 297 349 278 262 305 295 296 292 269 223 232 243 267 262 251 198 233 304 269 262 273 258 263 280 290 286 264 240 236 223 188 149  56  22   0   0
     120     0   0   0   0   0   0   0   0   0   0   0  34  78 158 205 210 218 187 102  72  51  84 161 166 162 222 176 182 204 151 129 176 230 280 296 337 277 313 341 303 310 311 300 271 264 233 277 283 234 257 291 303 293 291 292 291 293 295 294 296 273 254 246 228 200 175 102  32   0   0
      40     0   0   0   0   0   0   0   0   0   0  13  38  93 159 163 213 240 206 120 114 124 140 160 171 188 229 192 151 138 169 207 206 234 275 284 293 301 334 350 330 325 315 308 299 287 261 278 307 287 344 353 345 326 309 310 310 309 306 295 291 285 272 260 216 190 176 114  24   0   0
     -40     0   0   0   0   0   0   0   0   0   0   0  31  86 153 163 189 197 248 265 247 191 173 179 208 213 239 193 143  99 127 196 198 234 284 270 282 307 292 318 331 330 318 303 286 283 275 297 312 321 310 310 318 326 311 323 326 325 310 269 292 294 271 237 211 199 186 142  60   0   0
    -120     0   0   0   0   0   0   0   0   0   0   0  27  70 142 154 188 183 233 331 323 319 243 183 238 200 229 215 210 163 165 196 188 209 246 249 254 282 309 326 338 327 314 314 297 282 289 304 336 326 286 306 291 305 302 311 333 336 331 311 299 275 275 247 202 194 184 130  64  14   0
    -200     0   0   0   0   0   0   0   0   0   0  26  26  85 134 102 165 190 229 312 283 318 333 267 244 185 150 173 180 115 168 124 138 153 168 214 224 288 301 307 322 313 310 311 314 333 338 319 330 261 248 266 308 308 317 323 345 351 331 331 310 283 291 244 192 168 160 122  34   0   0
    -280     0   0   0   0   0   0   0   0   0   0  35  31  62  75  49  97 191 251 294 270 289 317 304 268 216 174 171 173 150 112  55  77  58 124 202 204 248 268 292 303 295 294 295 320 284 251 277 286 284 283 295 297 349 327 339 343 341 323 306 288 288 303 263 217 167 137 118  31  20  21
    -360     0   0   0   0   0   0   0   0   0   0  31  27  36  41  30  95 180 236 275 272 281 317 372 254 197 181 191 162 198 168  99  34  33  76 146 152 175 242 272 283 301 326 306 285 246 271 310 308 340 327 363 390 411 361 327 317 318 314 296 286 261 275 299 278 212 127 102  32  15  15
    -440     0   0   0   0   0   0   0   0   0   0  31  18  38   7  26  61 174 234 258 271 249 320 318 279 216 175 197 154 149 138 111  90  55  65  97  91 111 178 231 270 310 292 268 289 265 282 304 310 321 317 308 313 309 328 309 316 329 327 322 322 295 292 299 284 247 169 107  30  30   0
    -520     0   0   0   0   0   0   0   0   0   0   0   0  20   0   0  40 127 187 251 246 243 262 263 230 220 190 173 143 111 113  88  91  83  51  52  70  71 109 191 234 244 238 254 286 262 282 300 290 290 324 317 321 316 338 338 346 363 368 366 298 316 292 288 203 140 142 103  15  15   0
    -600     0   0   0   0   0   0   0   0   0   0   0   0   0   0  27  38 101 160 236 243 278 265 250 225 196 158 131 120  95  86  79  70  74  67  42  45  65  60 162 195 196 229 242 246 260 294 306 303 307 340 344 337 349 370 382 376 361 379 400 357 255 251 287 272 168 158 109  24   3   0
    -680     0   0   0   0   0   0   0   0   0   0   0   0   0   0  21  43  97 143 236 195 231 255 233 205 196 168 134 104  89  76  65  52  59  61  56  36  42  50  62 126 170 223 267 245 258 272 303 309 335 369 366 370 384 389 396 397 403 388 388 377 360 311 306 297 169 167  82   8   0   0
    -760     0   0   0   0   0   0   0   0   0   0   0   0   0   0  22  42  99 144 217 214 212 210 198 184 175 149 123  97  89  77  52  49  46  41  49  42  32  35  54  77 148 214 263 276 267 263 278 298 351 359 351 357 384 403 407 378 338 332 321 348 303 286 256 203 138  93  59   0   0   0
    -840     0   0   0   0   0   0   0   0   0   0   0   0   0   0   0  37  67 104 171 155 124 165 193 194 166 124 104  94  82  70  42  45  42  34  35  42  34  30  42  73 138 202 243 278 285 290 282 279 296 320 362 320 336 390 376 302 293 336 272 304 260 252 223 168 134  41   0   0   0   0
    -920     0   0   0   0   0   0   0   0   0   0   0   0   0   0   0  36  59  65 136 131 203 204 189 137 127 141  88  79  75  70  55  42  37  36  35  37  35  31  30  53 140 175 210 269 282 299 306 269 258 247 298 326 347 375 374 308 326 347 311 303 288 244 196 163 115  47   0   0   0   0
   -1000     0   0   0   0   0   0   0   0   0   0   0   0   0   0   0   0  40  47  76 100 166 168 166 142 153 147 121  75  67  57  59  50  39  37  35  34  34  33  29  46  48 143 209 255 295 306 291 274 269 284 261 324 379 374 354 309 324 343 314 287 260 218 157 127  98  68   0   0   0   0
   -1080     0   0   0   0   0   0   0   0   0   0   0   0   0   0   0   0  13  31  33  81 103 105 147 124 102 100 111  86  61  54  53  44  41  36  34  32  35  34  37  33  44 142 219 266 300 313 288 264 340 334 309 341 377 379 360 300 303 312 300 274 242 190 141  88  58  57   0   0   0   0
   -1160     0   0   0   0   0   0   0   0   0   0   0   0   0   0   0   0   0   0  13  46  73 112 125 103  53  39  63  92  49  42  41  37  36  34  33  31  34  36  41  36  60 170 226 258 303 330 302 276 287 311 357 360 277 340 361 304 298 303 276 245 206 157 129  53  27   0   0   0   0   0
   -1240     0   0   0   0   0   0   0   0   0   0   0   0   0   0   0   0   0   0   0   0  25  38  49  65  35  31  29  45  45  32  30  34  30  30  30  31  32  30  13  13  40 138 216 272 295 327 320 287 284 275 259 341 313 264 317 278 273 280 257 235 186 125 118   0   0   0   0   0   0   0
   -1320     0   0   0   0   0   0   0   0   0   0   0   0   0   0   0   0   0   0   0   0   0   0   0  29  20  35   0  36  28   0   0   0   0   0  25  27  26  24  11   8  13  90 171 225 280 317 330 325 300 286 263 265 260 261 289 262 259 250 247 215 172 107  75   0   0   0   0   0   0   0
   -1400     0   0   0   0   0   0   0   0   0   0   0   0   0   0   0   0   0   0   0   0   0   0   0   0   0   0   0   0   0   0   0   0   0   0   0   0   0   0   1   3  19  77 139 178 250 289 327 332 310 273 292 255 253 261 282 288 285 242 221 182 148  78  35   0   0   0   0   0   0   0
   -1480     0   0   0   0   0   0   0   0   0   0   0   0   0   0   0   0   0   0   0   0   0   0   0   0   0   0   0   0   0   0   0   0   0   0   0   0   0   0   0   0  23  60 149 198 224 281 319 330 316 278 294 301 251 254 258 239 240 256 213 157 109  43   0   0   0   0   0   0   0   0
   -1560     0   0   0   0   0   0   0   0   0   0   0   0   0   0   0   0   0   0   0   0   0   0   0   0   0   0   0   0   0   0   0   0   0   0   0   0   0   0   0  24  26  63 150 206 238 271 302 316 319 315 284 290 301 324 318 222 238 215 152  97  50  37   0   0   0   0   0   0   0   0
   -1640     0   0   0   0   0   0   0   0   0   0   0   0   0   0   0   0   0   0   0   0   0   0   0   0   0   0   0   0   0   0   0   0   0   0   0   0   0   0   0   0  29  42 158 233 267 283 299 306 293 291 327 271 235 285 346 248 189 182 172  87  22   0   0   0   0   0   0   0   0   0
   -1720     0   0   0   0   0   0   0   0   0   0   0   0   0   0   0   0   0   0   0   0   0   0   0   0   0   0   0   0   0   0   0   0   0   0   0   0   0   0   0  10  22  34 104 249 270 282 275 303 299 261 303 227 212 243 266 275 194 158 135  92  38   0   0   0   0   0   0   0   0   0
   -1800     0   0   0   0   0   0   0   0   0   0   0   0   0   0   0   0   0   0   0   0   0   0   0   0   0   0   0   0   0   0   0   0   0   0   0   0   0   0   1  29  30  80  95 188 270 278 261 268 276 239 275 206 143 190 199 204 178 125  81  67   0   0   0   0   0   0   0   0   0   0
   -1880     0   0   0   0   0   0   0   0   0   0   0   0   0   0   0   0   0   0   0   0   0   0   0   0   0   0   0   0   0   0   0   0   0   0   0   0   0   0   0  30  50  74  73  99 213 252 259 227 242 218 224 171 129 159 170 145 118  80  65   0   0   0   0   0   0   0   0   0   0   0
   -1960     0   0   0   0   0   0   0   0   0   0   0   0   0   0   0   0   0   0   0   0   0   0   0   0   0   0   0   0   0   0   0   0   0   0   0   0   0   0  28  22  52  66  47  61 131 210 220 236 223 204 151 124 100 120 106  77  55   0   0   0   0   0   0   0   0   0   0   0   0   0
   -2040     0   0   0   0   0   0   0   0   0   0   0   0   0   0   0   0   0   0   0   0   0   0   0   0   0   0   0   0   0   0   0   0   0   0   0   0   0   0   0  15  53  43  53  36  60 107 147 157 143  96  56  55  45  50  35   0   0   0   0   0   0   0   0   0   0   0   0   0   0   0
   -2120     0   0   0   0   0   0   0   0   0   0   0   0   0   0   0   0   0   0   0   0   0   0   0   0   0   0   0   0   0   0   0   0   0   0   0   0   0   0   0   0   0   0   0   0  38  35  54  43  41  31   0   0  30   0   0   0   0   0   0   0   0   0   0   0   0   0   0   0   0   0
   -2200     0   0   0   0   0   0   0   0   0   0   0   0   0   0   0   0   0   0   0   0   0   0   0   0   0   0   0   0   0   0   0   0   0   0   0   0   0   0   0   0   0   0   0   0   0   0   0   0   0   0   0   0   0   0   0   0   0   0   0   0   0   0   0   0   0   0   0   0   0   0
   -2280     0   0   0   0   0   0   0   0   0   0   0   0   0   0   0   0   0   0   0   0   0   0   0   0   0   0   0   0   0   0   0   0   0   0   0   0   0   0   0   0   0   0   0   0   0   0   0   0   0   0   0   0   0   0   0   0   0   0   0   0   0   0   0   0   0   0   0   0   0   0
   -2360     0   0   0   0   0   0   0   0   0   0   0   0   0   0   0   0   0   0   0   0   0   0   0   0   0   0   0   0   0   0   0   0   0   0   0   0   0   0   0   0   0   0   0   0   0   0   0   0   0   0   0   0   0   0   0   0   0   0   0   0   0   0   0   0   0   0   0   0   0   0
   -2440     0   0   0   0   0   0   0   0   0   0   0   0   0   0   0   0   0   0   0   0   0   0   0   0   0   0   0   0   0   0   0   0   0   0   0   0   0   0   0   0   0   0   0   0   0   0   0   0   0   0   0   0   0   0   0   0   0   0   0   0   0   0   0   0   0   0   0   0   0   0
   -2520     0   0   0   0   0   0   0   0   0   0   0   0   0   0   0   0   0   0   0   0   0   0   0   0   0   0   0   0   0   0   0   0   0   0   0   0   0   0   0   0   0   0   0   0   0   0   0   0   0   0   0   0   0   0   0   0   0   0   0   0   0   0   0   0   0   0   0   0   0   0
   -2600     0   0   0   0   0   0   0   0   0   0   0   0   0   0   0   0   0   0   0   0   0   0   0   0   0   0   0   0   0   0   0   0   0   0   0   0   0   0   0   0   0   0   0   0   0   0   0   0   0   0   0   0   0   0   0   0   0   0   0   0   0   0   0   0   0   0   0   0   0   0
   -2680     0   0   0   0   0   0   0   0   0   0   0   0   0   0   0   0   0   0   0   0   0   0   0   0   0   0   0   0   0   0   0   0   0   0   0   0   0   0   0   0   0   0   0   0   0   0   0   0   0   0   0   0   0   0   0   0   0   0   0   0   0   0   0   0   0   0   0   0   0   0
   -2760     0   0   0   0   0   0   0   0   0   0   0   0   0   0   0   0   0   0   0   0   0   0   0   0   0   0   0   0   0   0   0   0   0   0   0   0   0   0   0   0   0   0   0   0   0   0   0   0   0   0   0   0   0   0   0   0   0   0   0   0   0   0   0   0   0   0   0   0   0   0

mod_mask (x = grounded, . = floating):
      -2760   -2120   -1480    -840    -200     440    1080    1720    2360
    2760                                                                        
    2680                                                                        
    2600                                                                        
    2520                                                                        
    2440                                                                        
    2360                                                                        
    2280                                                                        
    2200                                                                        
    2120                                                                        
    2040                                                                        
    1960                                                                        
    1880                                                                        
    1800                                                                        
    1720                                                                        
    1640                                                                        
    1560                                                                        
    1480                                                                        
    1400                                                                        
    1320                                                                        
    1240                                                                        
    1160                                                                        
    1080                                                                        
    1000                                                                        
     920                                                                        
     840                                                                        
     760                                                                        
     680                                                                        
     600                                                                        
     520                                                                        
     440                                                                        
     360                                                                        
     280                                                                        
     200                                                                        
     120                                                                        
      40                                                                        
     -40                                                                        
    -120                                                                        
    -200                                                                        
    -280                                                                        
    -360                                                                        
    -440                                                                        
    -520                                                                        
    -600                                                                        
    -680                                                                        
    -760                                                                        
    -840                                                                        
    -920                                                                        
   -1000                                                                        
   -1080                                                                        
   -1160                                                                        
   -1240                                                                        
   -1320                                                                        
   -1400                                                                        
   -1480                                                                        
   -1560                                                                        
   -1640                                                                        
   -1720                                                                        
   -1800                                                                        
   -1880                                                                        
   -1960                                                                        
   -2040                                                                        
   -2120                                                                        
   -2200                                                                        
   -2280                                                                        
   -2360                                                                        
   -2440                                                                        
   -2520                                                                        
   -2600                                                                        
   -2680                                                                        
   -2760                                                                        

obs_mask (x = grounded, . = floating):
      -2760   -2120   -1480    -840    -200     440    1080    1720    2360
    2760                                                                        
    2680                                                                        
    2600                                                                        
    2520                                                                        
    2440                                                                        
    2360                                                                        
    2280                                    ..                                  
    2200                                   ..........                           
    2120                                ...x...xxxxxx..                         
    2040                               .xxxx.xxxxxxxxx..                        
    1960                               .xxxxxxxxxxxxxxxx....xx                  
    1880                              ..xxxxxxxxxxxxxxxxx...x.                  
    1800   ..                        ..xxxxxxxxxxxxxxxxxxxxxxx.x..              
    1720      x                      .xxxxxxxxxxxxxxxxxxxxxxxxxxxxxx..          
    1640   ...x                    ..xxxxxxxxxxxxxxxxxxxxxxxxxxxxxxxx.x.        
    1560   ..xx.                   ...xxxxxxxxxxxxxxxxxxxxxxxxxxxxxxxxxx.       
    1480   ...x.                   ...xxxxxxxxxxxxxxxxxxxxxxxxxxxxxxxxxx.       
    1400   ..xx.                   ..xxxxxxxxxxxxxxxxxxxxxxxxxxxxxxxxxxx.       
    1320     .x..                  .xxxxxxxxxxxxxxxxxxxxxxxxxxxxxxxxxxxx        
    1240     xxx...                xxxxxxxxxxxxxxxxxxxxxxxxxxxxxxxxxxxxx.       
    1160      xx....               xxxxxxxxxxxxxxxxxxxxxxxxxxxxxxxxxxxxxx       
    1080      .xx.....             xxxxxxxxxxxxxxxxxxxxxxxxxxxxxxxxxxxxxx       
    1000      ..xxxxxxx..         ..xxxxxxxxxxxxxxxxxxxxxxxxxxxxxxxxxxxxx.      
     920       xxxxxxxxxx.    ..xx....xxxxxxxxxxxxxxxxxxxxxxxxxxxxxxxxxxxx      
     840        . .xxxxxxx.......xx...xxxxxxxxxxxxxxxxxxxxxxxxxxxxxxxxxxxx      
     760         xxxxx.xxxx......xxx.xxxxxxxxxxxxxxxxxxxxxxxxxxxxxxxxx...       
     680         .x.xx.xxxx.......x..xxxxxxxxxxxxxxxxxxxxxxxxxxxxxxx......      
     600          x.xx.xxxxx.........xxxxxxxxxxxxxxxxxxxxxxxxxxxxxxxxxxx.       
     520          .....xxxxx.....x...xxxxxxxxxxxxxxxxxxxxxxxxxxxxxxxxxxxx.      
     440             .xxxxxx...x.....xxxxxxxxxxxxxxxxxxxxxxxxxxxxxxxxxxxxxx     
     360             .xxxxx.......xx.xxxxxxxxxxxxxxxxxxxxxxxxxxxxxxxxxxxxxxx.   
     280              xxxxxxx....xxxxxxxxxxxxxxxxxxxxxxxxxxxxxxxxxxxxxxxxxxx..  
     200              .xxxxxxxxxxxxxxxxxxxxxxxxxxxxxxxxxxxxxxxxxxxxxxxxxxxxxx.  
     120             .xxxxxxxxxxxxxxxxxxxxxxxxxxxxxxxxxxxxxxxxxxxxxxxxxxxxxxx.  
      40            ..xxxxxxxxxxxxxxxxxxxxxxxxxxxxxxxxxxxxxxxxxxxxxxxxxxxxxxx.  
     -40             .xxxxxxxxxxxxxxxxxxxxxxxxxxxxxxxxxxxxxxxxxxxxxxxxxxxxxxxx  
    -120             .xxxxxxxxxxxxxxxxxxxxxxxxxxxxxxxxxxxxxxxxxxxxxxxxxxxxxxxx. 
    -200            x.xxxxxxxxxxxxxxxxxxxxxxxxxxxxxxxxxxxxxxxxxxxxxxxxxxxxxxx.  
    -280            xxxxxxxxxxxxxxxxxxxxxxxxxxxxxxxxxxxxxxxxxxxxxxxxxxxxxxxxx...
    -360            xxxx.xxxxxxxxxxxxxxxxxxxxxxxxxxxxxxxxxxxxxxxxxxxxxxxxxxxx...
    -440            ......xxxxxxxxxxxxxxxxxxxxxxxxxxxxxxxxxxxxxxxxxxxxxxxxxxx.. 
    -520              .  .xxxxxxxxxxxxxxxxxxxxxxxxxxxxxxxxxxxxxxxxxxxxxxxxxxxx. 
    -600                .xxxxxxxxxxxxxxxxxx.xxxxxxxxxxxxxxxxxxxxxxxxxxxxxxxxxx. 
    -680                .xxxxxxxxxxxxxxxx.x...xxxxxxxxxxxxxxxxxxxxxxxxxxxxxxx.  
    -760                ..xxxxxxxxxxxxxx.......xxxxxxxxxxxxxxxxxxxxxxxxxxxxx.   
    -840                 .xxxxxxxxxxxxxx........xxxxxxxxxxxxxxxxxxxxxxxxxxx.    
    -920                 .xxxxxxxxxxxx...........xxxxxxxxxxxxxxxxxxxxxxxxxxx    
   -1000                  .xxxxxxxxxxx...........xxxxxxxxxxxxxxxxxxxxxxxxxxx    
   -1080                  x..xxxxxxxxxx.x.........xxxxxxxxxxxxxxxxxxxxxxxxx.    
   -1160                    ..xxxxx.xxx..........xxxxxxxxxxxxxxxxxxxxxxxxx.     
   -1240                      ..xxx..xx..........xxxxxxxxxxxxxxxxxxxxxxxx       
   -1320                         ... ..     ....x.xxxxxxxxxxxxxxxxxxxxxxx       
   -1400                                        ..xxxxxxxxxxxxxxxxxxxxxx.       
   -1480                                          .xxxxxxxxxxxxxxxxxxxxx        
   -1560                                         ..xxxxxxxxxxxxxxxxxxxx.        
   -1640                                          xxxxxxxxxxxxxxxxxxxx.         
   -1720                                         .xxxxxxxxxxxxxxxxxxxx.         
   -1800                                        .xxxxxxxxxxxxxxxxxxxxx          
   -1880                                         xxxxxxxxxxxxxxxxxxxx           
   -1960                                        .xxxxxxxxxxxxxxxxx.             
   -2040                                         .xxxxxxxxxxx..x.               
   -2120                                              xxxx..  .                 
   -2200                                                                        
   -2280                                                                        
   -2360                                                                        
   -2440                                                                        
   -2520                                                                        
   -2600                                                                        
   -2680                                                                        
   -2760                                                                        
