        time  toti0(km3)   toti(km3)   tota(km2)  tota2(km2)  dtoti(m/y)    acc(m/y)   acc2(m/y)    abl(m/y)   abl2(m/y)  ac-ab(m/y) ac2-ab2(m/y    neg(m/y)   flow(m/y)      err(m/y)     err2(m/y)   rain(m/y)   melt(m/y)   basp(m/y)   basf(m/y)   refr(m/y)   fric(m/y)   ocme(m/y)   calv(m/y)   face(m/y)   clif(m/y)
           8    27266773    27086678    15704732    15059909     -1.4948      0.3732      0.3732      1.8497      1.8496     -1.4764     -1.4764      0.1152     -0.0000   -0.1839E-01   -0.1839E-01      0.0520      1.2926     -1.0371     -0.0044      0.2455      0.0046     -0.7374      0.0000     -0.0707      0.0000
          40    25081426    24653514    11965523    12070712     -4.4313      0.3310      0.3307      4.7623      4.7620     -4.4313     -4.4313      0.9913      0.0000    0.7870E-12    0.4142E-13      0.0180      0.4434     -0.2667     -0.0237      0.0401      0.0411     -0.1429     -0.4840     -0.0198     -3.8249
          80    23245358    22996885    10760074    10691441     -2.9050      0.3148      0.3144      3.2199      3.2195     -2.9050     -2.9050      0.6586      0.0000    0.9353E-13   -0.1754E-10      0.0117      0.2318     -0.1320     -0.0298      0.0097      0.0453     -0.1437     -0.4552     -0.0283     -2.4304
         120    22142516    22050189    10293169    10162296     -1.1357      0.3125      0.3122      1.4482      1.4478     -1.1357     -1.1357      0.2061      0.0000   -0.3936E-12   -0.1456E-10      0.0090      0.1297     -0.0808     -0.0351     -0.0051      0.0536     -0.1055     -0.1874     -0.0148     -1.0242
         160    21801103    21725622    10108529     9938141     -0.9494      0.3105      0.3102      1.2599      1.2596     -0.9494     -0.9494      0.0551      0.0000   -0.2516E-12   -0.2012E-12      0.0080      0.0888     -0.0640     -0.0316     -0.0002      0.0424     -0.0528     -0.1256     -0.0126     -0.9730
         200    21518742    21482622    10024406     9862654     -0.4578      0.3064      0.3059      0.7642      0.7637     -0.4578     -0.4578      0.0321      0.0000    0.1369E-11    0.1369E-11      0.0077      0.0877     -0.0712     -0.0335     -0.0046      0.0497     -0.0919     -0.1704     -0.0118     -0.3850
         240    21263309    21213409     9890356     9790804     -0.6371      0.3073      0.3069      0.9444      0.9440     -0.6371     -0.6371      0.0866      0.0000    0.1532E-12   -0.1021E-12      0.0079      0.0949     -0.0712     -0.0361     -0.0038      0.0498     -0.0619     -0.1527     -0.0133     -0.6087
         280    21002544    20952246     9825636     9691238     -0.6488      0.3030      0.3025      0.9517      0.9512     -0.6488     -0.6488      0.0526      0.0000    0.2580E-12    0.2580E-12      0.0077      0.0881     -0.0691     -0.0343     -0.0036      0.0483     -0.0589     -0.1600     -0.0168     -0.6121
         320    20776316    20737302     9804885     9621463     -0.5069      0.3038      0.3034      0.8107      0.8102     -0.5069     -0.5069      0.0302      0.0000   -0.4677E-12   -0.4677E-12      0.0075      0.0879     -0.0711     -0.0286     -0.0051      0.0414     -0.0728     -0.1556     -0.0148     -0.4672
         360    20581731    20546019     9720925     9603401     -0.4648      0.3063      0.3058      0.7711      0.7707     -0.4648     -0.4648      0.0358      0.0000    0.0000E+00    0.0000E+00      0.0072      0.0923     -0.0700     -0.0290     -0.0014      0.0395     -0.0622     -0.1321     -0.0134     -0.4640
         400    20398008    20357982     9664167     9558833     -0.5234      0.3051      0.3046      0.8285      0.8281     -0.5234     -0.5234      0.0484      0.0000   -0.3138E-12   -0.3138E-12      0.0075      0.0988     -0.0752     -0.0309     -0.0030      0.0426     -0.0575     -0.1546     -0.0131     -0.4967
         440    20167313    20117973     9643284     9509566     -0.6486      0.3031      0.3026      0.9516      0.9512     -0.6486     -0.6486      0.0568      0.0000   -0.5258E-12   -0.5258E-12      0.0068      0.0990     -0.0760     -0.0341     -0.0007      0.0449     -0.0570     -0.1522     -0.0140     -0.6179
         480    19893601    19832340     9552948     9468402     -0.8088      0.3074      0.3066      1.1161      1.1154     -0.8088     -0.8088      0.0526      0.0000   -0.3168E-12   -0.3485E-11      0.0077      0.1066     -0.0742     -0.0291      0.0003      0.0377     -0.0673     -0.2016     -0.0134     -0.7299
         520    19599928    19554355     9539948     9365894     -0.6082      0.3017      0.3010      0.9100      0.9092     -0.6082     -0.6082      0.1332      0.0000    0.3737E-12    0.3737E-12      0.0073      0.1061     -0.0786     -0.0413     -0.0014      0.0538     -0.0531     -0.2023     -0.0143     -0.5195
         560    19330463    19276345     9434474     9271000     -0.7297      0.3012      0.3004      1.0309      1.0301     -0.7297     -0.7297      0.0435      0.0000   -0.4315E-12   -0.4315E-12      0.0073      0.1021     -0.0731     -0.0391     -0.0019      0.0479     -0.0491     -0.1620     -0.0146     -0.6922
         600    19157551    19138788     9389936     9265032     -0.2531      0.3049      0.3041      0.5580      0.5573     -0.2531     -0.2531      0.0404      0.0000    0.3238E-12    0.1619E-12      0.0079      0.1079     -0.0836     -0.0305     -0.0066      0.0447     -0.0581     -0.1730     -0.0143     -0.1978
         640    19041475    19014811     9395199     9234655     -0.3609      0.3040      0.3032      0.6649      0.6642     -0.3609     -0.3609      0.0654      0.0000    0.1624E-12    0.4115E-11      0.0076      0.1009     -0.0748     -0.0301     -0.0024      0.0397     -0.0695     -0.1927     -0.0123     -0.2848
         680    18923984    18902028     9382062     9198299     -0.2984      0.3028      0.3021      0.6012      0.6004     -0.2984     -0.2984      0.0281      0.0000   -0.2174E-12   -0.2174E-12      0.0065      0.1061     -0.0885     -0.0276     -0.0049      0.0373     -0.0514     -0.1786     -0.0135     -0.2409
         720    18810877    18795224     9368769     9197182     -0.2127      0.3046      0.3039      0.5173      0.5166     -0.2127     -0.2127      0.0452      0.0000   -0.1087E-12   -0.1087E-12      0.0058      0.1044     -0.0816     -0.0290     -0.0027      0.0390     -0.0609     -0.1891     -0.0120     -0.1439
         760    18720298    18703140     9342824     9208539     -0.2329      0.3056      0.3050      0.5385      0.5379     -0.2329     -0.2329      0.0353      0.0000    0.0000E+00   -0.2172E-12      0.0067      0.1073     -0.0823     -0.0294     -0.0030      0.0381     -0.0570     -0.1686     -0.0129     -0.1877
         800    18638221    18627002     9304023     9149460     -0.1533      0.3020      0.3012      0.4552      0.4545     -0.1533     -0.1533      0.0343      0.0000    0.1639E-12    0.2186E-12      0.0058      0.0960     -0.0730     -0.0282     -0.0026      0.0364     -0.0418     -0.1625     -0.0127     -0.1363
         840    18569069    18548020     9343382     9179647     -0.2866      0.3025      0.3017      0.5891      0.5884     -0.2866     -0.2866      0.0257      0.0000    0.2179E-12    0.2179E-12      0.0051      0.0967     -0.0818     -0.0287     -0.0029      0.0378     -0.0597     -0.1577     -0.0147     -0.2458
         880    18469248    18459854     9335762     9169205     -0.1281      0.3061      0.3054      0.4342      0.4335     -0.1281     -0.1281      0.0366      0.0000    0.4908E-12    0.3817E-12      0.0058      0.0993     -0.0785     -0.0295     -0.0012      0.0373     -0.0542     -0.1636     -0.0131     -0.0945
         920    18400590    18381465     9324349     9174758     -0.2606      0.3032      0.3025      0.5638      0.5630     -0.2606     -0.2606      0.0905      0.0000    0.5450E-13    0.5450E-13      0.0057      0.1021     -0.0806     -0.0255     -0.0022      0.0343     -0.0610     -0.2043     -0.0143     -0.1774
         960    18335073    18318341     9316532     9127390     -0.2291      0.3032      0.3024      0.5323      0.5316     -0.2291     -0.2291      0.0685      0.0000    0.2191E-12    0.2191E-12      0.0056      0.0908     -0.0711     -0.0262     -0.0012      0.0339     -0.0523     -0.1449     -0.0130     -0.2241
        1000    18270112    18251781     9291467     9138181     -0.2508      0.3036      0.3028      0.5543      0.5536     -0.2508     -0.2508      0.0315      0.0000    0.3283E-12    0.3283E-12      0.0058      0.0929     -0.0743     -0.0266     -0.0014      0.0346     -0.0421     -0.1639     -0.0203     -0.2264
        1040    18204007    18197546     9304283     9113299     -0.0886      0.3000      0.2992      0.3886      0.3878     -0.0886     -0.0886      0.0365      0.0000    0.6584E-12    0.7132E-12      0.0050      0.0950     -0.0740     -0.0251     -0.0018      0.0333     -0.0605     -0.1527     -0.0132     -0.0624
        1080    18149962    18143544     9266783     9128014     -0.0879      0.3010      0.3003      0.3889      0.3882     -0.0879     -0.0879      0.0296      0.0000    0.1096E-12    0.1096E-12      0.0054      0.0954     -0.0750     -0.0249     -0.0029      0.0326     -0.0529     -0.1447     -0.0146     -0.0760
        1120    18104140    18094207     9273011     9083786     -0.1367      0.2991      0.2983      0.4357      0.4350     -0.1367     -0.1367      0.0273      0.0000   -0.2752E-12   -0.2752E-12      0.0050      0.0913     -0.0734     -0.0263     -0.0037      0.0342     -0.0513     -0.1425     -0.0152     -0.1263
        1160    18063910    18053825     9247020     9106070     -0.1384      0.3006      0.2998      0.4390      0.4382     -0.1384     -0.1384      0.0373      0.0000   -0.5491E-13   -0.5491E-13      0.0054      0.0944     -0.0707     -0.0248     -0.0034      0.0325     -0.0468     -0.1497     -0.0173     -0.1289
        1200    18013800    18006057     9246292     9080809     -0.1066      0.3010      0.3000      0.4076      0.4066     -0.1066     -0.1066      0.0349      0.0000    0.1377E-12   -0.5506E-13      0.0055      0.0956     -0.0709     -0.0244     -0.0039      0.0324     -0.0464     -0.1605     -0.0163     -0.0880
        1240    17969102    17955998     9214511     9086190     -0.1803      0.3009      0.2999      0.4812      0.4802     -0.1803     -0.1803      0.0306      0.0000    0.4127E-12    0.3852E-12      0.0056      0.0927     -0.0727     -0.0269     -0.0045      0.0343     -0.0528     -0.1656     -0.0137     -0.1486
        1280    17921910    17913812     9221070     9058209     -0.1117      0.2996      0.2986      0.4113      0.4103     -0.1117     -0.1117      0.0281      0.0000   -0.1656E-12   -0.1656E-12      0.0054      0.0920     -0.0740     -0.0291     -0.0040      0.0369     -0.0424     -0.1658     -0.0146     -0.0845
        1320    17867097    17854554     9208703     9125313     -0.1718      0.3048      0.3038      0.4766      0.4756     -0.1718     -0.1718      0.0763      0.0000    0.5479E-13    0.5479E-13      0.0066      0.1198     -0.0847     -0.0249     -0.0038      0.0328     -0.0534     -0.1727     -0.0132     -0.1266
        1360    17815667    17807853     9201662     9049506     -0.1079      0.2999      0.2989      0.4078      0.4068     -0.1079     -0.1079      0.0338      0.0000   -0.1934E-12   -0.1934E-12      0.0050      0.0867     -0.0666     -0.0241     -0.0030      0.0315     -0.0434     -0.1630     -0.0143     -0.0955
        1400    17773771    17768424     9182821     9053988     -0.0738      0.2989      0.2979      0.3728      0.3717     -0.0738     -0.0738      0.0331      0.0000   -0.2209E-12   -0.1933E-12      0.0048      0.0867     -0.0677     -0.0232     -0.0031      0.0306     -0.0538     -0.1505     -0.0132     -0.0633
        1440    17747908    17739189     9202455     9046193     -0.1205      0.3014      0.3004      0.4219      0.4209     -0.1205     -0.1205      0.0279      0.0000   -0.1658E-12   -0.1658E-12      0.0050      0.0857     -0.0663     -0.0264     -0.0031      0.0335     -0.0448     -0.1372     -0.0163     -0.1299
        1480    17718339    17713265     9202032     9058151     -0.0700      0.3026      0.3016      0.3726      0.3716     -0.0700     -0.0700      0.0372      0.0000    0.2760E-13    0.5520E-13      0.0045      0.0845     -0.0669     -0.0218     -0.0038      0.0296     -0.0432     -0.1708     -0.0152     -0.0537
        1520    17687142    17684962     9189455     9028583     -0.0302      0.3014      0.3004      0.3316      0.3306     -0.0302     -0.0302      0.0337      0.0000    0.1938E-12   -0.2769E-13      0.0051      0.0871     -0.0661     -0.0226     -0.0033      0.0291     -0.0389     -0.1401     -0.0129     -0.0501
        1560    17662893    17656621     9176625     9040184     -0.0867      0.3000      0.2990      0.3867      0.3857     -0.0867     -0.0867      0.0365      0.0000    0.1659E-12    0.1659E-12      0.0045      0.0816     -0.0624     -0.0233     -0.0048      0.0311     -0.0435     -0.1634     -0.0124     -0.0807
        1600    17638193    17634716     9214858     9031131     -0.0481      0.3008      0.2998      0.3490      0.3479     -0.0481     -0.0481      0.0273      0.0000    0.6090E-12    0.5813E-12      0.0047      0.0845     -0.0674     -0.0243     -0.0052      0.0325     -0.0433     -0.1439     -0.0143     -0.0547
        1640    17611998    17605828     9202528     9067953     -0.0851      0.3054      0.3044      0.3905      0.3895     -0.0851     -0.0851      0.0395      0.0000    0.5790E-12    0.4963E-12      0.0064      0.1029     -0.0783     -0.0223     -0.0046      0.0295     -0.0435     -0.1593     -0.0144     -0.0718
        1680    17583985    17574285     9182652     9049433     -0.1340      0.3053      0.3043      0.4393      0.4383     -0.1340     -0.1340      0.0973      0.0000    0.2486E-12    0.2486E-12      0.0059      0.0913     -0.0724     -0.0213     -0.0037      0.0281     -0.0355     -0.1419     -0.0137     -0.1535
        1720    17550171    17547601     9169864     9009315     -0.0357      0.3016      0.3006      0.3373      0.3362     -0.0357     -0.0357      0.0255      0.0000    0.3885E-12    0.3885E-12      0.0048      0.0762     -0.0581     -0.0231     -0.0033      0.0295     -0.0291     -0.1460     -0.0170     -0.0630
        1760    17522620    17517905     9150149     8988302     -0.0656      0.2980      0.2970      0.3636      0.3626     -0.0656     -0.0656      0.0279      0.0000    0.2781E-12    0.2781E-12      0.0046      0.0814     -0.0620     -0.0217     -0.0035      0.0284     -0.0254     -0.1507     -0.0143     -0.0885
        1800    17508330    17503695     9150226     9022943     -0.0642      0.3008      0.2998      0.3650      0.3640     -0.0642     -0.0642      0.0341      0.0000    0.3325E-12    0.3325E-12      0.0050      0.0815     -0.0630     -0.0218     -0.0038      0.0292     -0.0316     -0.1631     -0.0133     -0.0712
        1840    17485759    17477548     9182394     9003178     -0.1140      0.3002      0.2991      0.4142      0.4131     -0.1140     -0.1140      0.0405      0.0000   -0.2777E-12   -0.2777E-12      0.0046      0.0836     -0.0651     -0.0227     -0.0044      0.0305     -0.0309     -0.1611     -0.0151     -0.1183
        1880    17455819    17454718     9150727     9011449     -0.0153      0.2986      0.2976      0.3138      0.3128     -0.0153     -0.0153      0.0254      0.0000   -0.3607E-12   -0.3329E-12      0.0050      0.0815     -0.0628     -0.0212     -0.0026      0.0276     -0.0363     -0.1499     -0.0148     -0.0279
        1920    17432659    17429441     9208431     9045504     -0.0445      0.3030      0.3020      0.3474      0.3464     -0.0445     -0.0445      0.0488      0.0000    0.3317E-12    0.5528E-13      0.0061      0.1024     -0.0742     -0.0231     -0.0036      0.0303     -0.0414     -0.1479     -0.0124     -0.0473
        1960    17414247    17408802     9182309     9065493     -0.0751      0.3039      0.3029      0.3790      0.3779     -0.0751     -0.0751      0.0299      0.0000    0.0000E+00   -0.1379E-12      0.0067      0.0972     -0.0765     -0.0207     -0.0022      0.0269     -0.0381     -0.1647     -0.0150     -0.0630
        2000    17388177    17386573     9189835     9044350     -0.0222      0.3012      0.3001      0.3233      0.3223     -0.0222     -0.0222      0.0298      0.0000    0.4423E-12    0.4699E-12      0.0056      0.0906     -0.0698     -0.0231     -0.0031      0.0303     -0.0413     -0.1467     -0.0135     -0.0280
        2040    17368944    17366290     9150389     9040090     -0.0367      0.3006      0.2996      0.3373      0.3363     -0.0367     -0.0367      0.0459      0.0000    0.2765E-12    0.2765E-12      0.0043      0.0839     -0.0630     -0.0215     -0.0032      0.0285     -0.0397     -0.1421     -0.0123     -0.0578
        2080    17348495    17344468     9201907     9052000     -0.0556      0.3029      0.3019      0.3585      0.3575     -0.0556     -0.0556      0.0331      0.0000   -0.6076E-12   -0.5800E-12      0.0057      0.0984     -0.0766     -0.0217     -0.0027      0.0286     -0.0419     -0.1684     -0.0147     -0.0343
        2120    17326263    17322731     9163407     9033814     -0.0489      0.3037      0.3026      0.3525      0.3515     -0.0489     -0.0489      0.0269      0.0000    0.8302E-13    0.8302E-13      0.0057      0.0892     -0.0709     -0.0208     -0.0037      0.0279     -0.0289     -0.1367     -0.0143     -0.0800
        2160    17306840    17302566     9189096     9037670     -0.0591      0.3028      0.3018      0.3619      0.3609     -0.0591     -0.0591      0.0365      0.0000    0.2213E-12    0.2213E-12      0.0060      0.0932     -0.0717     -0.0215     -0.0024      0.0276     -0.0331     -0.1569     -0.0125     -0.0652
        2200    17286532    17282586     9157070     9038372     -0.0546      0.3032      0.3022      0.3577      0.3567     -0.0546     -0.0546      0.0368      0.0000   -0.3596E-12   -0.3872E-12      0.0056      0.0893     -0.0695     -0.0215     -0.0026      0.0278     -0.0351     -0.1656     -0.0148     -0.0503
        2240    17268261    17266182     9189191     9018515     -0.0288      0.3044      0.3033      0.3332      0.3321     -0.0288     -0.0288      0.0297      0.0000    0.3049E-12    0.3049E-12      0.0056      0.0854     -0.0642     -0.0210     -0.0027      0.0271     -0.0366     -0.1634     -0.0153     -0.0316
        2280    17255727    17243402     9176638     9050332     -0.1702      0.3030      0.3020      0.4733      0.4723     -0.1702     -0.1702      0.0357      0.0000   -0.5525E-13   -0.1934E-12      0.0056      0.0926     -0.0706     -0.0263     -0.0025      0.0324     -0.0373     -0.1541     -0.0138     -0.1701
        2320    17231898    17226367     9176548     9024220     -0.0766      0.3031      0.3021      0.3797      0.3787     -0.0766     -0.0766      0.0386      0.0000    0.5541E-13    0.2770E-13      0.0055      0.0882     -0.0678     -0.0222     -0.0033      0.0293     -0.0414     -0.1596     -0.0158     -0.0719
        2360    17210818    17205413     9157168     9015832     -0.0749      0.2997      0.2987      0.3747      0.3737     -0.0749     -0.0749      0.0275      0.0000    0.1386E-12    0.1386E-12      0.0053      0.0831     -0.0636     -0.0217     -0.0031      0.0283     -0.0414     -0.1470     -0.0140     -0.0860
        2400    17190598    17189565     9163329     9015666     -0.0143      0.2999      0.2989      0.3142      0.3132     -0.0143     -0.0143      0.0328      0.0000   -0.2773E-13   -0.1109E-12      0.0057      0.0907     -0.0684     -0.0228     -0.0032      0.0290     -0.0378     -0.1367     -0.0137     -0.0339
        2440    17176725    17171166     9137824     9025713     -0.0770      0.3016      0.3006      0.3786      0.3776     -0.0770     -0.0770      0.0966      0.0000   -0.1662E-12   -0.1662E-12      0.0054      0.0875     -0.0675     -0.0210     -0.0035      0.0281     -0.0375     -0.1409     -0.0141     -0.0965
        2480    17167318    17158550     9144120     9014775     -0.1216      0.3009      0.2999      0.4225      0.4215     -0.1216     -0.1216      0.0353      0.0000   -0.8320E-13   -0.8320E-13      0.0056      0.0888     -0.0668     -0.0201     -0.0025      0.0262     -0.0326     -0.1534     -0.0156     -0.1328
        2520    17147629    17142363     9143663     9022659     -0.0730      0.3013      0.3003      0.3743      0.3733     -0.0730     -0.0730      0.0356      0.0000    0.5819E-12    0.5819E-12      0.0058      0.0852     -0.0638     -0.0204     -0.0022      0.0264     -0.0360     -0.1330     -0.0134     -0.1068
        2560    17134953    17131116     9143688     9009337     -0.0532      0.3022      0.3012      0.3554      0.3544     -0.0532     -0.0532      0.0309      0.0000    0.0000E+00   -0.2775E-13      0.0056      0.0853     -0.0644     -0.0200     -0.0030      0.0268     -0.0355     -0.1563     -0.0137     -0.0645
        2600    17120366    17117211     9144155     9014017     -0.0438      0.2985      0.2975      0.3423      0.3413     -0.0438     -0.0438      0.0322      0.0000   -0.2773E-12   -0.2496E-12      0.0050      0.0885     -0.0673     -0.0216     -0.0021      0.0277     -0.0375     -0.1348     -0.0139     -0.0661
        2640    17106284    17106785     9163287     9011527      0.0070      0.3019      0.3009      0.2950      0.2940      0.0070      0.0070      0.0309      0.0000    0.3606E-12    0.3329E-12      0.0060      0.0884     -0.0667     -0.0250     -0.0017      0.0308     -0.0340     -0.1434     -0.0131     -0.0118
        2680    17096392    17092488     9137343     9017608     -0.0541      0.3024      0.3013      0.3566      0.3555     -0.0541     -0.0541      0.0303      0.0000    0.4436E-12    0.4436E-12      0.0057      0.0845     -0.0652     -0.0204     -0.0030      0.0275     -0.0345     -0.1548     -0.0148     -0.0658
        2720    17078686    17072939     9170029     9047229     -0.0794      0.3035      0.3025      0.3829      0.3819     -0.0794     -0.0794      0.0361      0.0000    0.5803E-12    0.4698E-12      0.0061      0.0973     -0.0736     -0.0213     -0.0020      0.0275     -0.0421     -0.1420     -0.0130     -0.0899
        2760    17059042    17055510     9169868     9031262     -0.0489      0.3016      0.3006      0.3505      0.3494     -0.0489     -0.0489      0.0269      0.0000   -0.1107E-12   -0.8304E-13      0.0055      0.0925     -0.0725     -0.0201     -0.0023      0.0262     -0.0456     -0.1363     -0.0139     -0.0610
        2800    17041250    17040833     9144946     9025676     -0.0058      0.3029      0.3019      0.3087      0.3077     -0.0058     -0.0058      0.0307      0.0000    0.4709E-12    0.4709E-12      0.0057      0.0922     -0.0706     -0.0213     -0.0021      0.0272     -0.0402     -0.1364     -0.0131     -0.0260
        2840    17029218    17023226     9130810     9025012     -0.0830      0.3038      0.3027      0.3867      0.3857     -0.0830     -0.0830      0.0387      0.0000   -0.3047E-12   -0.3047E-12      0.0054      0.0870     -0.0664     -0.0197     -0.0025      0.0256     -0.0403     -0.1528     -0.0125     -0.0941
        2880    17013143    17013180     9157077     9005600      0.0005      0.3040      0.3030      0.3035      0.3025      0.0005      0.0005      0.0343      0.0000    0.5830E-12    0.5830E-12      0.0059      0.0889     -0.0671     -0.0245     -0.0028      0.0306     -0.0382     -0.1442     -0.0137     -0.0148
        2920    16999037    16992911     9150601     9019922     -0.0849      0.3026      0.3016      0.3875      0.3865     -0.0849     -0.0849      0.0288      0.0000   -0.3880E-12   -0.3880E-12      0.0060      0.0921     -0.0706     -0.0238     -0.0023      0.0298     -0.0432     -0.1453     -0.0138     -0.0898
        2960    16975857    16967936     9157651     9019992     -0.1098      0.3033      0.3023      0.4131      0.4121     -0.1098     -0.1098      0.0791      0.0000    0.2772E-12    0.2772E-12      0.0056      0.0917     -0.0705     -0.0212     -0.0028      0.0281     -0.0462     -0.1609     -0.0126     -0.1007
        3000    16960731    16957345     9111613     9006844     -0.0470      0.3020      0.3008      0.3490      0.3478     -0.0470     -0.0470      0.0368      0.0000   -0.3053E-12   -0.2776E-12      0.0054      0.0864     -0.0673     -0.0207     -0.0034      0.0278     -0.0338     -0.1290     -0.0140     -0.0831
        3040    16940371    16939540     9131518     9015262     -0.0115      0.3033      0.3021      0.3148      0.3136     -0.0115     -0.0115      0.0357      0.0000    0.2773E-13   -0.8319E-13      0.0064      0.0896     -0.0685     -0.0222     -0.0031      0.0290     -0.0525     -0.1434     -0.0123     -0.0146
        3080    16930653    16923778     9124480     8990616     -0.0956      0.2985      0.2973      0.3941      0.3929     -0.0956     -0.0956      0.0320      0.0000    0.3893E-12    0.3893E-12      0.0052      0.0866     -0.0667     -0.0211     -0.0036      0.0280     -0.0328     -0.1426     -0.0141     -0.1155
        3120    16916434    16911489     9131904     8986171     -0.0688      0.3019      0.3007      0.3706      0.3694     -0.0688     -0.0688      0.0296      0.0000   -0.2504E-12   -0.2504E-12      0.0057      0.0861     -0.0672     -0.0227     -0.0035      0.0299     -0.0367     -0.1530     -0.0141     -0.0758
        3160    16902987    16899542     9124703     9008202     -0.0478      0.3021      0.3009      0.3499      0.3487     -0.0478     -0.0478      0.0279      0.0000   -0.4163E-12   -0.5079E-11      0.0059      0.0876     -0.0678     -0.0214     -0.0021      0.0272     -0.0423     -0.1404     -0.0128     -0.0639
        3200    16887525    16886798     9118535     8973154     -0.0101      0.3018      0.3006      0.3119      0.3107     -0.0101     -0.0101      0.0299      0.0000   -0.1393E-12   -0.1393E-12      0.0055      0.0825     -0.0616     -0.0203     -0.0021      0.0258     -0.0342     -0.1359     -0.0138     -0.0450
        3240    16879125    16874702     9118133     8993679     -0.0615      0.3005      0.2993      0.3619      0.3607     -0.0615     -0.0615      0.0280      0.0000   -0.1668E-12   -0.1946E-12      0.0054      0.0844     -0.0638     -0.0212     -0.0017      0.0268     -0.0381     -0.1522     -0.0132     -0.0722
        3280    16864416    16863919     9112591     8963028     -0.0069      0.3003      0.2991      0.3073      0.3061     -0.0069     -0.0069      0.0346      0.0000   -0.1674E-12   -0.1674E-12      0.0053      0.0796     -0.0592     -0.0210     -0.0025      0.0267     -0.0378     -0.1418     -0.0132     -0.0330
        3320    16849415    16849221     9111839     8969035     -0.0027      0.2991      0.2979      0.3018      0.3006     -0.0027     -0.0027      0.0282      0.0000   -0.1115E-12   -0.1115E-12      0.0049      0.0792     -0.0586     -0.0202     -0.0025      0.0257     -0.0375     -0.1448     -0.0128     -0.0267
        3360    16844378    16843641     9118352     8974709     -0.0103      0.3036      0.3024      0.3138      0.3126     -0.0103     -0.0103      0.0329      0.0000   -0.8078E-12   -0.8357E-12      0.0056      0.0825     -0.0615     -0.0208     -0.0020      0.0263     -0.0362     -0.1405     -0.0136     -0.0400
        3400    16832260    16829753     9111887     8999001     -0.0348      0.3026      0.3014      0.3374      0.3362     -0.0348     -0.0348      0.0315      0.0000   -0.4445E-12   -0.4445E-12      0.0057      0.0842     -0.0642     -0.0197     -0.0026      0.0254     -0.0416     -0.1432     -0.0127     -0.0547
        3440    16819847    16817973     9125410     8977518     -0.0261      0.3032      0.3020      0.3293      0.3281     -0.0261     -0.0261      0.0300      0.0000   -0.5569E-13   -0.5569E-13      0.0054      0.0835     -0.0625     -0.0201     -0.0021      0.0253     -0.0452     -0.1374     -0.0130     -0.0499
        3480    16797856    16794828     9130717     9000649     -0.0421      0.3041      0.3029      0.3462      0.3450     -0.0421     -0.0421      0.0301      0.0000   -0.5833E-12   -0.6388E-12      0.0059      0.0878     -0.0658     -0.0207     -0.0018      0.0264     -0.0472     -0.1674     -0.0126     -0.0312
        3520    16761535    16756955     9093010     8963211     -0.0639      0.3001      0.2989      0.3640      0.3628     -0.0639     -0.0639      0.0933      0.0000    0.4184E-12    0.4184E-12      0.0051      0.0851     -0.0626     -0.0202     -0.0007      0.0245     -0.0356     -0.1359     -0.0132     -0.0953
        3560    16732583    16717476     9099027     8979795     -0.2103      0.3009      0.2997      0.5112      0.5100     -0.2103     -0.2103      0.0337      0.0000   -0.3619E-12   -0.3619E-12      0.0056      0.0870     -0.0652     -0.0246     -0.0006      0.0283     -0.0370     -0.1556     -0.0128     -0.2149
        3600    16702572    16704038     9112679     8959960      0.0205      0.3016      0.3004      0.2812      0.2800      0.0205      0.0205      0.0296      0.0000   -0.1674E-12   -0.1395E-12      0.0054      0.0823     -0.0589     -0.0141      0.0006      0.0170     -0.0387     -0.1355     -0.0130     -0.0198
        3640    16675716    16671010     9118239     8986286     -0.0655      0.3009      0.2997      0.3664      0.3652     -0.0655     -0.0655      0.0342      0.0000    0.1391E-12    0.5564E-13      0.0056      0.0889     -0.0640     -0.0138     -0.0005      0.0175     -0.0389     -0.1423     -0.0128     -0.0934
        3680    16635514    16634414     9099395     8960498     -0.0153      0.3029      0.3013      0.3183      0.3167     -0.0153     -0.0153      0.0932      0.0000    0.1116E-12    0.1116E-12      0.0057      0.0848     -0.0591     -0.0138      0.0027      0.0160     -0.0385     -0.1321     -0.0129     -0.0603
        3720    16618610    16616741     9105421     8959479     -0.0261      0.3020      0.3002      0.3280      0.3263     -0.0261     -0.0261      0.0288      0.0000   -0.1674E-12   -0.1674E-12      0.0058      0.0815     -0.0586     -0.0188      0.0006      0.0220     -0.0384     -0.1402     -0.0126     -0.0577
        3760    16582241    16576029     9093360     8945905     -0.0868      0.3022      0.3004      0.3890      0.3872     -0.0868     -0.0868      0.0505      0.0000    0.1397E-12    0.1397E-12      0.0053      0.0882     -0.0624     -0.0135      0.0022      0.0161     -0.0352     -0.1686     -0.0135     -0.0940
        3800    16570009    16570190     9118641     8977366      0.0025      0.3040      0.3023      0.3015      0.2997      0.0025      0.0025      0.0305      0.0000   -0.3342E-12   -0.4177E-12      0.0058      0.0880     -0.0613     -0.0145      0.0027      0.0171     -0.0436     -0.1316     -0.0126     -0.0362
        3840    16562533    16563024     9112562     8977092      0.0068      0.3033      0.3011      0.2964      0.2942      0.0068      0.0068      0.0365      0.0000    0.8355E-13    0.8355E-13      0.0058      0.0923     -0.0655     -0.0146      0.0026      0.0171     -0.0414     -0.1324     -0.0121     -0.0283
        3880    16557032    16555263     9124267     8978415     -0.0246      0.3047      0.3025      0.3294      0.3272     -0.0246     -0.0246      0.0324      0.0000   -0.2784E-13    0.0000E+00      0.0056      0.0861     -0.0604     -0.0147      0.0023      0.0169     -0.0459     -0.1326     -0.0122     -0.0614
        3920    16545039    16544843     9111763     8972061     -0.0027      0.3058      0.3035      0.3085      0.3063     -0.0027     -0.0027      0.0367      0.0000   -0.2786E-13   -0.2786E-13      0.0057      0.0906     -0.0647     -0.0137      0.0014      0.0164     -0.0447     -0.1373     -0.0123     -0.0336
        3960    16517815    16499496     9098699     8965795     -0.2554      0.3051      0.3029      0.5605      0.5583     -0.2554     -0.2554      0.0390      0.0000   -0.1673E-12   -0.3067E-12      0.0058      0.0872     -0.0590     -0.0144      0.0029      0.0167     -0.0380     -0.1354     -0.0135     -0.2980
        4000    16471189    16466723     9060128     8956883     -0.0623      0.3038      0.3016      0.3661      0.3639     -0.0623     -0.0623      0.0888      0.0000   -0.6141E-12   -0.6141E-12      0.0062      0.0926     -0.0648     -0.0142      0.0023      0.0170     -0.0617     -0.1311     -0.0108     -0.0814
        4040    16451453    16448616     9066109     8930778     -0.0397      0.3018      0.2995      0.3415      0.3393     -0.0397     -0.0397      0.0319      0.0000   -0.8398E-13   -0.5599E-13      0.0059      0.0847     -0.0593     -0.0145      0.0022      0.0171     -0.0519     -0.1371     -0.0132     -0.0632
        4080    16439420    16438019     9041190     8935244     -0.0196      0.3037      0.3015      0.3233      0.3211     -0.0196     -0.0196      0.0496      0.0000   -0.1399E-12   -0.1959E-12      0.0056      0.0932     -0.0643     -0.0145      0.0019      0.0173     -0.0460     -0.1316     -0.0127     -0.0519
        4120    16426285    16424314     9092869     8935904     -0.0276      0.3018      0.2996      0.3294      0.3272     -0.0276     -0.0276      0.0303      0.0000   -0.1958E-12   -0.1958E-12      0.0056      0.0859     -0.0591     -0.0143      0.0029      0.0169     -0.0541     -0.1648     -0.0125     -0.0224
        4160    16416916    16410402     9066794     8931431     -0.0912      0.3026      0.3004      0.3938      0.3916     -0.0912     -0.0912      0.0377      0.0000   -0.1679E-12   -0.1679E-12      0.0056      0.0904     -0.0618     -0.0139      0.0024      0.0165     -0.0477     -0.1473     -0.0113     -0.1097
        4200    16401190    16394954     9066395     8951111     -0.0871      0.3032      0.3009      0.3903      0.3880     -0.0871     -0.0871      0.0461      0.0000    0.1676E-12    0.1676E-12      0.0055      0.0902     -0.0619     -0.0145      0.0024      0.0171     -0.0569     -0.1601     -0.0110     -0.0836
        4240    16387877    16382481     9106204     8950919     -0.0754      0.3051      0.3029      0.3805      0.3782     -0.0754     -0.0754      0.0404      0.0000   -0.3352E-12   -0.4190E-12      0.0064      0.0952     -0.0657     -0.0136      0.0019      0.0163     -0.0494     -0.1640     -0.0129     -0.0725
        4280    16373653    16372845     9066943     8953602     -0.0113      0.3029      0.3006      0.3142      0.3119     -0.0113     -0.0113      0.0478      0.0000    0.4747E-12    0.5026E-12      0.0055      0.0882     -0.0603     -0.0145      0.0022      0.0169     -0.0552     -0.1318     -0.0105     -0.0397
        4320    16360513    16357574     9073184     8950467     -0.0410      0.3038      0.3016      0.3449      0.3427     -0.0410     -0.0410      0.0426      0.0000    0.1676E-12    0.1397E-12      0.0058      0.0949     -0.0643     -0.0136      0.0018      0.0163     -0.0508     -0.1324     -0.0125     -0.0691
        4360    16345861    16342000     9085676     8968565     -0.0538      0.3052      0.3029      0.3590      0.3567     -0.0538     -0.0538      0.0488      0.0000   -0.3903E-12   -0.3903E-12      0.0056      0.0918     -0.0592     -0.0145      0.0022      0.0167     -0.0885     -0.1313     -0.0100     -0.0532
        4400    16324175    16319589     9073835     8931183     -0.0642      0.3051      0.3029      0.3693      0.3671     -0.0642     -0.0642      0.1052      0.0000   -0.3359E-12   -0.3359E-12      0.0060      0.0922     -0.0620     -0.0137      0.0016      0.0162     -0.0783     -0.1349     -0.0132     -0.0649
        4440    16306079    16303190     9047363     8935388     -0.0404      0.3042      0.3020      0.3447      0.3424     -0.0404     -0.0404      0.0448      0.0000    0.1119E-12    0.8394E-13      0.0054      0.0872     -0.0573     -0.0143      0.0017      0.0166     -0.0644     -0.1405     -0.0104     -0.0555
        4480    16286924    16280038     9035347     8893399     -0.0968      0.3046      0.3024      0.4014      0.3992     -0.0968     -0.0968      0.0987      0.0000   -0.2530E-12   -0.2530E-12      0.0050      0.0883     -0.0571     -0.0140      0.0016      0.0165     -0.0491     -0.1328     -0.0121     -0.1340
        4520    16271351    16271260     9047338     8905115     -0.0013      0.3034      0.3011      0.3046      0.3024     -0.0013     -0.0013      0.0341      0.0000   -0.3088E-12   -0.3088E-12      0.0054      0.0863     -0.0570     -0.0142      0.0016      0.0166     -0.0528     -0.1337     -0.0121     -0.0325
        4560    16264705    16263537     9048405     8915083     -0.0164      0.3029      0.3007      0.3193      0.3171     -0.0164     -0.0164      0.0476      0.0000    0.0000E+00    0.0000E+00      0.0055      0.0930     -0.0628     -0.0138      0.0016      0.0164     -0.0521     -0.1323     -0.0122     -0.0439
        4600    16249070    16248996     9054564     8898111     -0.0010      0.3024      0.3002      0.3034      0.3012     -0.0010     -0.0010      0.0347      0.0000    0.3091E-12    0.3091E-12      0.0057      0.0855     -0.0559     -0.0143      0.0016      0.0166     -0.0497     -0.1390     -0.0121     -0.0302
        4640    16244798    16243968     9054343     8904088     -0.0116      0.3041      0.3019      0.3158      0.3135     -0.0116     -0.0116      0.0398      0.0000    0.2808E-13    0.2808E-13      0.0057      0.0906     -0.0607     -0.0138      0.0015      0.0163     -0.0471     -0.1338     -0.0124     -0.0457
        4680    16228026    16228948     9047299     8896603      0.0130      0.3022      0.2999      0.2892      0.2870      0.0130      0.0130      0.0338      0.0000    0.3653E-12    0.3653E-12      0.0056      0.0861     -0.0576     -0.0141      0.0014      0.0165     -0.0460     -0.1387     -0.0117     -0.0190
        4720    16221713    16221731     9048288     8895389      0.0002      0.3021      0.2999      0.3019      0.2996      0.0002      0.0002      0.0408      0.0000    0.2810E-13    0.2810E-13      0.0057      0.0923     -0.0616     -0.0138      0.0011      0.0163     -0.0450     -0.1400     -0.0123     -0.0271
        4760    16206717    16206312     9073851     8887394     -0.0057      0.3001      0.2978      0.3058      0.3035     -0.0057     -0.0057      0.0337      0.0000    0.3376E-12    0.3376E-12      0.0051      0.0855     -0.0564     -0.0139      0.0016      0.0164     -0.0496     -0.1509     -0.0123     -0.0205
        4800    16202686    16199588     9040808     8898943     -0.0435      0.3019      0.2996      0.3454      0.3431     -0.0435     -0.0435      0.0400      0.0000   -0.4495E-12   -0.4495E-12      0.0052      0.0913     -0.0607     -0.0136      0.0015      0.0160     -0.0428     -0.1369     -0.0119     -0.0771
        4840    16193218    16192447     9048033     8898733     -0.0108      0.3035      0.3012      0.3143      0.3121     -0.0108     -0.0108      0.0397      0.0000   -0.2809E-13   -0.2809E-13      0.0052      0.0841     -0.0540     -0.0139      0.0015      0.0162     -0.0501     -0.1375     -0.0120     -0.0446
        4880    16182942    16184243     9061014     8887308      0.0183      0.3038      0.3015      0.2854      0.2832      0.0183      0.0183      0.0396      0.0000   -0.8439E-13   -0.8439E-13      0.0057      0.0896     -0.0600     -0.0135      0.0010      0.0159     -0.0461     -0.1287     -0.0120     -0.0228
        4920    16180948    16181410     9060670     8915086      0.0065      0.3045      0.3023      0.2981      0.2958      0.0065      0.0065      0.0339      0.0000   -0.2524E-12   -0.2524E-12      0.0053      0.0865     -0.0578     -0.0138      0.0013      0.0161     -0.0486     -0.1311     -0.0120     -0.0327
        4960    16170673    16171145     9054705     8898113      0.0066      0.3040      0.3017      0.2973      0.2951      0.0066      0.0066      0.0408      0.0000    0.5619E-13    0.5619E-13      0.0055      0.0903     -0.0593     -0.0137      0.0012      0.0159     -0.0430     -0.1309     -0.0119     -0.0364
        5000    16165041    16161315     9061125     8908220     -0.0523      0.3025      0.3003      0.3548      0.3525     -0.0523     -0.0523      0.0407      0.0000   -0.6735E-12   -0.6455E-12      0.0055      0.0864     -0.0579     -0.0139      0.0013      0.0162     -0.0563     -0.1320     -0.0117     -0.0807
