setflowline:  n1s=    21
alona, alata =  -104.70  -70.80
alonb, alatb =  -101.20  -68.00
   m   alond   alatd       d1s
   1  -79.82  -75.49      40.0
   2  -82.69  -75.60     120.0
   3  -85.60  -75.67     200.0
   4  -88.53  -75.71     280.0
   5  -91.47  -75.71     360.0
   6  -94.40  -75.67     440.0
   7  -97.31  -75.60     520.0
   8  -99.69  -74.77     633.1
   9 -102.38  -74.64     713.1
  10 -105.02  -74.46     793.1
  11 -104.35  -73.77     873.1
  12 -106.82  -73.57     953.1
  13 -106.11  -72.88    1033.1
  14 -107.70  -71.98    1146.3
  15 -105.46  -72.19    1226.3
  16 -104.86  -71.49    1306.3
  17 -104.30  -70.80    1386.3
  18 -103.78  -70.10    1466.3
  19 -101.31  -69.56    1579.4
  20 -100.92  -68.86    1659.4
  21 -100.56  -68.16    1739.4
