      site (deg N,E)                Scott   -77.456   164.745                     Terra   -75.162   164.249                    Vestfo   -68.715    77.152                    Larsem   -69.410    76.701                     Syowa   -69.334    40.711                    Fildes   -62.008   -59.797                     Byers   -62.958   -60.350                    Margue   -67.648   -68.025                    Windmi   -66.329   110.659                    J.Ross   -63.794   -57.407

      year   s.l.(m)           hb(m)     hw(m)      h(m)     hs(m)           hb(m)     hw(m)      h(m)     hs(m)           hb(m)     hw(m)      h(m)     hs(m)           hb(m)     hw(m)      h(m)     hs(m)           hb(m)     hw(m)      h(m)     hs(m)           hb(m)     hw(m)      h(m)     hs(m)           hb(m)     hw(m)      h(m)     hs(m)           hb(m)     hw(m)      h(m)     hs(m)           hb(m)     hw(m)      h(m)     hs(m)           hb(m)     hw(m)      h(m)     hs(m)
         8      0.00         -256.78   209.177     53.78      6.17         -786.76   600.574    210.33     24.14         -493.69   400.608    105.15     12.07         -126.17     0.000    669.00    542.82           90.53     0.000    928.42   1018.95         -679.74   679.743      0.00      0.00         -466.44   466.443      0.00      0.00          -45.24     0.000    115.20     69.96         -165.16     0.000    452.62    287.46           -4.19     0.000     11.40      7.21
        40      0.00         -256.78   256.783      0.00      0.00         -786.76   786.765      0.00      0.00         -493.68   493.679      0.00      0.00         -126.16   126.164      0.00      0.00           90.53     0.000    938.54   1029.08         -679.74   679.743      0.00      0.00         -466.44   466.442      0.00      0.00          -45.24     0.000     52.65      7.41         -165.15   165.146      0.00      0.00           -4.19     4.188      0.00      0.00
        80      0.00         -256.78   256.783      0.00      0.00         -786.77   786.770      0.00      0.00         -493.65   493.646      0.00      0.00         -126.13   126.134      0.00      0.00           90.55     0.000    930.14   1020.68         -679.74   679.743      0.00      0.00         -466.44   466.440      0.00      0.00          -45.24     0.000     84.45     39.21         -165.09   165.090      0.00      0.00           -4.19     4.185      0.00      0.00
       120      0.00         -256.78   256.785      0.00      0.00         -786.78   786.781      0.00      0.00         -493.60   493.603      0.00      0.00         -126.09   126.095      0.00      0.00           90.56     0.000    927.82   1018.38         -679.74   679.742      0.00      0.00         -466.44   466.439      0.00      0.00          -45.25     0.000     81.28     36.03         -165.02   165.019      0.00      0.00           -4.18     4.183      0.00      0.00
       160      0.00         -256.79   256.790      0.00      0.00         -786.79   786.795      0.00      0.00         -493.56   493.557      0.00      0.00         -126.05   126.050      0.00      0.00           90.59     0.000    927.52   1018.11         -679.74   679.741      0.00      0.00         -466.44   466.438      0.00      0.00          -45.26    45.261      0.00      0.00         -164.95   164.947      0.00      0.00           -4.18     4.182      0.00      0.00
       200      0.00         -256.80   256.798      0.00      0.00         -786.81   786.810      0.00      0.00         -493.51   493.506      0.00      0.00         -126.00   126.001      0.00      0.00           90.61     0.000    928.77   1019.38         -679.74   679.741      0.00      0.00         -466.44   466.437      0.00      0.00          -45.27     0.000    121.01     75.74         -164.87   164.875      0.00      0.00           -4.18     4.180      0.00      0.00
       240      0.00         -256.81   256.808      0.00      0.00         -786.83   786.826      0.00      0.00         -493.45   493.449      0.00      0.00         -125.95   125.947      0.00      0.00           90.63     0.000    930.96   1021.59         -679.74   679.740      0.00      0.00         -466.44   466.436      0.00      0.00          -45.29    16.267     32.78      3.76         -164.80   164.803      0.00      0.00           -4.18     4.178      0.00      0.00
       280      0.00         -256.82   256.820      0.00      0.00         -786.84   786.843      0.00      0.00         -493.39   493.391      0.00      0.00         -125.89   125.890      0.00      0.00           90.65     0.000    933.72   1024.38         -679.74   679.739      0.00      0.00         -466.44   466.435      0.00      0.00          -45.30     0.000     79.48     34.17         -164.73   164.731      0.00      0.00           -4.18     4.176      0.00      0.00
       320      0.00         -256.83   256.834      0.00      0.00         -786.86   786.863      0.00      0.00         -493.33   493.332      0.00      0.00         -125.83   125.832      0.00      0.00           90.68     0.000    936.75   1027.43         -679.74   679.738      0.00      0.00         -466.43   466.434      0.00      0.00          -45.32     0.000     80.28     34.96         -164.66   164.657      0.00      0.00           -4.17     4.174      0.00      0.00
       360      0.00         -256.85   256.850      0.00      0.00         -786.88   786.884      0.00      0.00         -493.27   493.273      0.00      0.00         -125.77   125.774      0.00      0.00           90.70     0.000    939.83   1030.53         -679.74   679.737      0.00      0.00         -466.43   466.433      0.00      0.00          -45.33     0.000     81.06     35.73         -164.58   164.583      0.00      0.00           -4.17     4.172      0.00      0.00
       400      0.00         -256.87   256.867      0.00      0.00         -786.91   786.908      0.00      0.00         -493.21   493.213      0.00      0.00         -125.72   125.715      0.00      0.00           90.72     0.000    942.81   1033.53         -679.74   679.736      0.00      0.00         -466.43   466.431      0.00      0.00          -45.35    45.345      0.00      0.00         -164.51   164.508      0.00      0.00           -4.17     4.170      0.00      0.00
       440      0.00         -256.89   256.886      0.00      0.00         -786.93   786.933      0.00      0.00         -493.15   493.154      0.00      0.00         -125.66   125.656      0.00      0.00           90.75     0.000    945.56   1036.31         -679.74   679.735      0.00      0.00         -466.43   466.430      0.00      0.00          -45.36    10.039     39.90      4.58         -164.43   164.433      0.00      0.00           -4.17     4.167      0.00      0.00
       480      0.00         -256.91   256.906      0.00      0.00         -786.96   786.958      0.00      0.00         -493.09   493.094      0.00      0.00         -125.60   125.597      0.00      0.00           90.77     0.000    948.04   1038.81         -679.73   679.734      0.00      0.00         -466.43   466.429      0.00      0.00          -45.37    40.439      5.57      0.64         -164.36   164.358      0.00      0.00           -4.17     4.165      0.00      0.00
       520      0.00         -256.93   256.927      0.00      0.00         -786.99   786.985      0.00      0.00         -493.03   493.034      0.00      0.00         -125.54   125.538      0.00      0.00           90.79     0.000    950.21   1041.00         -679.73   679.733      0.00      0.00         -466.43   466.427      0.00      0.00          -45.38    39.311      6.86      0.79         -164.28   164.282      0.00      0.00           -4.16     4.163      0.00      0.00
       560      0.00         -256.95   256.950      0.00      0.00         -787.01   787.013      0.00      0.00         -492.97   492.974      0.00      0.00         -125.48   125.479      0.00      0.00           90.81     0.000    952.09   1042.90         -679.73   679.732      0.00      0.00         -466.43   466.426      0.00      0.00          -45.39    37.396      9.03      1.04         -164.20   164.204      0.00      0.00           -4.16     4.161      0.00      0.00
       600      0.00         -256.97   256.974      0.00      0.00         -787.04   787.043      0.00      0.00         -492.91   492.914      0.00      0.00         -125.42   125.419      0.00      0.00           90.83     0.000    953.67   1044.50         -679.73   679.731      0.00      0.00         -466.42   466.425      0.00      0.00          -45.40    45.401      0.00      0.00         -164.13   164.125      0.00      0.00           -4.16     4.159      0.00      0.00
       640      0.00         -257.00   257.000      0.00      0.00         -787.08   787.075      0.00      0.00         -492.85   492.854      0.00      0.00         -125.36   125.359      0.00      0.00           90.86     0.000    954.99   1045.84         -679.73   679.730      0.00      0.00         -466.42   466.423      0.00      0.00          -45.41    10.069     39.92      4.58         -164.05   164.045      0.00      0.00           -4.16     4.156      0.00      0.00
       680      0.00         -257.03   257.026      0.00      0.00         -787.11   787.108      0.00      0.00         -492.79   492.794      0.00      0.00         -125.30   125.300      0.00      0.00           90.88     0.000    956.08   1046.96         -679.73   679.730      0.00      0.00         -466.42   466.422      0.00      0.00          -45.42    22.924     25.41      2.92         -163.96   163.965      0.00      0.00           -4.15     4.154      0.00      0.00
       720      0.00         -257.05   257.053      0.00      0.00         -787.14   787.141      0.00      0.00         -492.73   492.734      0.00      0.00         -125.24   125.239      0.00      0.00           90.90     0.000    956.97   1047.87         -679.73   679.729      0.00      0.00         -466.42   466.421      0.00      0.00          -45.43    35.268     11.48      1.32         -163.88   163.883      0.00      0.00           -4.15     4.152      0.00      0.00
       760      0.00         -257.08   257.082      0.00      0.00         -787.17   787.175      0.00      0.00         -492.67   492.673      0.00      0.00         -125.18   125.179      0.00      0.00           90.92     0.000    957.70   1048.62         -679.73   679.728      0.00      0.00         -466.42   466.420      0.00      0.00          -45.44    45.436      0.00      0.00         -163.80   163.801      0.00      0.00           -4.15     4.150      0.00      0.00
       800      0.00         -257.11   257.111      0.00      0.00         -787.21   787.209      0.00      0.00         -492.61   492.613      0.00      0.00         -125.12   125.119      0.00      0.00           90.95     0.000    958.29   1049.24         -679.73   679.727      0.00      0.00         -466.42   466.418      0.00      0.00          -45.44    10.061     39.97      4.59         -163.72   163.717      0.00      0.00           -4.15     4.149      0.00      0.00
       840      0.00         -257.14   257.141      0.00      0.00         -787.24   787.244      0.00      0.00         -492.55   492.553      0.00      0.00         -125.06   125.058      0.00      0.00           90.97     0.000    958.79   1049.76         -679.73   679.726      0.00      0.00         -466.42   466.417      0.00      0.00          -45.45    22.458     25.97      2.98         -163.63   163.632      0.00      0.00           -4.15     4.147      0.00      0.00
       880      0.00         -257.17   257.172      0.00      0.00         -787.28   787.280      0.00      0.00         -492.49   492.492      0.00      0.00         -125.00   124.998      0.00      0.00           90.99     0.000    959.19   1050.18         -679.73   679.726      0.00      0.00         -466.42   466.416      0.00      0.00          -45.46    34.652     12.21      1.40         -163.54   163.544      0.00      0.00           -4.14     4.145      0.00      0.00
       920      0.00         -257.20   257.203      0.00      0.00         -787.32   787.317      0.00      0.00         -492.43   492.432      0.00      0.00         -124.94   124.937      0.00      0.00           91.01     0.000    959.52   1050.53         -679.73   679.725      0.00      0.00         -466.41   466.415      0.00      0.00          -45.47    44.148      1.49      0.17         -163.45   163.454      0.00      0.00           -4.14     4.143      0.00      0.00
       960      0.00         -257.24   257.236      0.00      0.00         -787.35   787.354      0.00      0.00         -492.37   492.371      0.00      0.00         -124.88   124.876      0.00      0.00           91.04     0.000    959.79   1050.82         -679.72   679.724      0.00      0.00         -466.41   466.414      0.00      0.00          -45.47    11.429     38.46      4.41         -163.36   163.363      0.00      0.00           -4.14     4.141      0.00      0.00
      1000      0.00         -257.27   257.268      0.00      0.00         -787.39   787.393      0.00      0.00         -492.31   492.311      0.00      0.00         -124.82   124.815      0.00      0.00           91.06     0.000    960.00   1051.05         -679.72   679.724      0.00      0.00         -466.41   466.413      0.00      0.00          -45.48    23.300     25.06      2.88         -163.27   163.272      0.00      0.00           -4.14     4.139      0.00      0.00
      1040      0.00         -257.30   257.302      0.00      0.00         -787.43   787.432      0.00      0.00         -492.25   492.250      0.00      0.00         -124.75   124.754      0.00      0.00           91.08     0.000    960.16   1051.24         -679.72   679.723      0.00      0.00         -466.41   466.412      0.00      0.00          -45.49    34.337     12.60      1.45         -163.18   163.178      0.00      0.00           -4.14     4.138      0.00      0.00
      1080      0.00         -257.34   257.336      0.00      0.00         -787.47   787.471      0.00      0.00         -492.19   492.190      0.00      0.00         -124.69   124.693      0.00      0.00           91.10     0.000    960.28   1051.38         -679.72   679.722      0.00      0.00         -466.41   466.411      0.00      0.00          -45.49    45.494      0.00      0.00         -163.08   163.083      0.00      0.00           -4.14     4.136      0.00      0.00
      1120      0.00         -257.37   257.371      0.00      0.00         -787.51   787.511      0.00      0.00         -492.13   492.129      0.00      0.00         -124.63   124.632      0.00      0.00           91.13     0.000    960.36   1051.49         -679.72   679.722      0.00      0.00         -466.41   466.409      0.00      0.00          -45.50    15.661     33.71      3.87         -162.99   162.988      0.00      0.00           -4.13     4.134      0.00      0.00
      1160      0.00         -257.41   257.407      0.00      0.00         -787.55   787.550      0.00      0.00         -492.07   492.069      0.00      0.00         -124.57   124.571      0.00      0.00           91.15     0.000    960.42   1051.57         -679.72   679.721      0.00      0.00         -466.41   466.408      0.00      0.00          -45.51    20.504     28.24      3.24         -162.89   162.893      0.00      0.00           -4.13     4.132      0.00      0.00
      1200      0.00         -257.44   257.443      0.00      0.00         -787.59   787.591      0.00      0.00         -492.01   492.008      0.00      0.00         -124.51   124.510      0.00      0.00           91.17     0.000    960.44   1051.61         -679.72   679.721      0.00      0.00         -466.41   466.407      0.00      0.00          -45.51    38.066      8.41      0.97         -162.80   162.798      0.00      0.00           -4.13     4.131      0.00      0.00
      1240      0.00         -257.48   257.480      0.00      0.00         -787.63   787.631      0.00      0.00         -491.95   491.948      0.00      0.00         -124.45   124.449      0.00      0.00           91.19     0.000    960.44   1051.63         -679.72   679.720      0.00      0.00         -466.41   466.406      0.00      0.00          -45.52    42.791      3.08      0.35         -162.70   162.703      0.00      0.00           -4.13     4.129      0.00      0.00
      1280      0.00         -257.52   257.518      0.00      0.00         -787.67   787.673      0.00      0.00         -491.89   491.887      0.00      0.00         -124.39   124.387      0.00      0.00           91.22     0.000    960.41   1051.63         -679.72   679.719      0.00      0.00         -466.41   466.405      0.00      0.00          -45.52    38.088      8.40      0.96         -162.61   162.606      0.00      0.00           -4.13     4.127      0.00      0.00
      1320      0.00         -257.56   257.556      0.00      0.00         -787.71   787.713      0.00      0.00         -491.83   491.827      0.00      0.00         -124.33   124.326      0.00      0.00           91.24     0.000    960.37   1051.61         -679.72   679.719      0.00      0.00         -466.40   466.404      0.00      0.00          -45.53    43.789      1.96      0.23         -162.51   162.509      0.00      0.00           -4.13     4.126      0.00      0.00
      1360      0.00         -257.59   257.594      0.00      0.00         -787.75   787.752      0.00      0.00         -491.77   491.767      0.00      0.00         -124.26   124.265      0.00      0.00           91.26     0.000    960.31   1051.57         -679.72   679.718      0.00      0.00         -466.40   466.403      0.00      0.00          -45.53     9.128     41.13      4.72         -162.41   162.412      0.00      0.00           -4.12     4.124      0.00      0.00
      1400      0.00         -257.63   257.633      0.00      0.00         -787.79   787.792      0.00      0.00         -491.71   491.706      0.00      0.00         -124.20   124.203      0.00      0.00           91.29     0.000    960.23   1051.51         -679.72   679.718      0.00      0.00         -466.40   466.402      0.00      0.00          -45.54    27.622     20.24      2.32         -162.32   162.315      0.00      0.00           -4.12     4.122      0.00      0.00
      1440      0.00         -257.67   257.672      0.00      0.00         -787.83   787.832      0.00      0.00         -491.65   491.646      0.00      0.00         -124.14   124.142      0.00      0.00           91.31     0.000    960.13   1051.44         -679.72   679.717      0.00      0.00         -466.40   466.401      0.00      0.00          -45.54    41.532      4.53      0.52         -162.22   162.218      0.00      0.00           -4.12     4.121      0.00      0.00
      1480      0.00         -257.71   257.712      0.00      0.00         -787.87   787.872      0.00      0.00         -491.59   491.585      0.00      0.00         -124.08   124.080      0.00      0.00           91.33     0.000    960.03   1051.36         -679.72   679.716      0.00      0.00         -466.40   466.400      0.00      0.00          -45.55    28.336     19.44      2.23         -162.12   162.121      0.00      0.00           -4.12     4.119      0.00      0.00
      1520      0.00         -257.75   257.752      0.00      0.00         -787.91   787.912      0.00      0.00         -491.52   491.525      0.00      0.00         -124.02   124.019      0.00      0.00           91.36     0.000    959.91   1051.27         -679.72   679.716      0.00      0.00         -466.40   466.399      0.00      0.00          -45.55    30.793     16.68      1.91         -162.02   162.024      0.00      0.00           -4.12     4.117      0.00      0.00
      1560      0.00         -257.79   257.792      0.00      0.00         -787.95   787.953      0.00      0.00         -491.46   491.464      0.00      0.00         -123.96   123.957      0.00      0.00           91.38     0.000    959.79   1051.17         -679.72   679.715      0.00      0.00         -466.40   466.398      0.00      0.00          -45.56     9.088     41.20      4.73         -161.93   161.927      0.00      0.00           -4.12     4.116      0.00      0.00
      1600      0.00         -257.83   257.832      0.00      0.00         -787.99   787.993      0.00      0.00         -491.40   491.404      0.00      0.00         -123.90   123.896      0.00      0.00           91.40     0.000    959.65   1051.06         -679.71   679.715      0.00      0.00         -466.40   466.397      0.00      0.00          -45.56    23.663     24.74      2.84         -161.83   161.829      0.00      0.00           -4.11     4.114      0.00      0.00
      1640      0.00         -257.87   257.872      0.00      0.00         -788.03   788.033      0.00      0.00         -491.34   491.344      0.00      0.00         -123.83   123.834      0.00      0.00           91.42     0.000    959.51   1050.94         -679.71   679.714      0.00      0.00         -466.40   466.396      0.00      0.00          -45.57    34.319     12.71      1.46         -161.73   161.732      0.00      0.00           -4.11     4.112      0.00      0.00
      1680      0.00         -257.91   257.913      0.00      0.00         -788.07   788.074      0.00      0.00         -491.28   491.283      0.00      0.00         -123.77   123.773      0.00      0.00           91.45     0.000    959.37   1050.82         -679.71   679.714      0.00      0.00         -466.39   466.395      0.00      0.00          -45.57    45.571      0.00      0.00         -161.63   161.635      0.00      0.00           -4.11     4.111      0.00      0.00
      1720      0.00         -257.95   257.954      0.00      0.00         -788.12   788.115      0.00      0.00         -491.22   491.223      0.00      0.00         -123.71   123.711      0.00      0.00           91.47     0.000    959.22   1050.69         -679.71   679.713      0.00      0.00         -466.39   466.394      0.00      0.00          -45.58    10.594     39.52      4.54         -161.54   161.537      0.00      0.00           -4.11     4.109      0.00      0.00
      1760      0.00         -258.00   257.995      0.00      0.00         -788.16   788.157      0.00      0.00         -491.16   491.163      0.00      0.00         -123.65   123.650      0.00      0.00           91.49     0.000    959.07   1050.56         -679.71   679.713      0.00      0.00         -466.39   466.393      0.00      0.00          -45.58    23.227     25.25      2.90         -161.44   161.440      0.00      0.00           -4.11     4.107      0.00      0.00
      1800      0.00         -258.04   258.037      0.00      0.00         -788.20   788.198      0.00      0.00         -491.10   491.103      0.00      0.00         -123.59   123.588      0.00      0.00           91.52     0.000    958.91   1050.43         -679.71   679.712      0.00      0.00         -466.39   466.392      0.00      0.00          -45.59    34.453     12.58      1.44         -161.34   161.343      0.00      0.00           -4.11     4.106      0.00      0.00
      1840      0.00         -258.08   258.079      0.00      0.00         -788.24   788.240      0.00      0.00         -491.04   491.043      0.00      0.00         -123.53   123.527      0.00      0.00           91.54     0.000    958.75   1050.29         -679.71   679.712      0.00      0.00         -466.39   466.391      0.00      0.00          -45.59    45.460      0.15      0.02         -161.25   161.245      0.00      0.00           -4.10     4.104      0.00      0.00
      1880      0.00         -258.12   258.120      0.00      0.00         -788.28   788.281      0.00      0.00         -490.98   490.982      0.00      0.00         -123.47   123.465      0.00      0.00           91.56     0.000    958.59   1050.15         -679.71   679.711      0.00      0.00         -466.39   466.390      0.00      0.00          -45.59     9.792     40.45      4.64         -161.15   161.148      0.00      0.00           -4.10     4.103      0.00      0.00
      1920      0.00         -258.16   258.162      0.00      0.00         -788.32   788.320      0.00      0.00         -490.92   490.922      0.00      0.00         -123.40   123.404      0.00      0.00           91.59     0.000    958.42   1050.01         -679.71   679.711      0.00      0.00         -466.39   466.389      0.00      0.00          -45.60    23.745     24.69      2.83         -161.05   161.051      0.00      0.00           -4.10     4.101      0.00      0.00
      1960      0.00         -258.20   258.205      0.00      0.00         -788.36   788.360      0.00      0.00         -490.86   490.862      0.00      0.00         -123.34   123.342      0.00      0.00           91.61     0.000    958.26   1049.87         -679.71   679.710      0.00      0.00         -466.39   466.388      0.00      0.00          -45.60    34.440     12.61      1.45         -160.95   160.953      0.00      0.00           -4.10     4.099      0.00      0.00
      2000      0.00         -258.25   258.247      0.00      0.00         -788.40   788.399      0.00      0.00         -490.80   490.802      0.00      0.00         -123.28   123.281      0.00      0.00           91.64     0.000    958.09   1049.73         -679.71   679.709      0.00      0.00         -466.39   466.387      0.00      0.00          -45.61    45.365      0.27      0.03         -160.86   160.856      0.00      0.00           -4.10     4.098      0.00      0.00
      2040      0.00         -258.29   258.290      0.00      0.00         -788.44   788.438      0.00      0.00         -490.74   490.742      0.00      0.00         -123.22   123.219      0.00      0.00           91.66     0.000    957.93   1049.59         -679.71   679.709      0.00      0.00         -466.39   466.386      0.00      0.00          -45.61    14.740     34.88      4.00         -160.76   160.759      0.00      0.00           -4.10     4.096      0.00      0.00
      2080      0.00         -258.33   258.332      0.00      0.00         -788.48   788.476      0.00      0.00         -490.68   490.682      0.00      0.00         -123.16   123.158      0.00      0.00           91.68     0.000    957.76   1049.44         -679.71   679.708      0.00      0.00         -466.38   466.385      0.00      0.00          -45.62    20.259     28.65      3.29         -160.66   160.661      0.00      0.00           -4.09     4.094      0.00      0.00
      2120      0.00         -258.37   258.375      0.00      0.00         -788.51   788.514      0.00      0.00         -490.62   490.622      0.00      0.00         -123.10   123.096      0.00      0.00           91.71     0.000    957.59   1049.30         -679.71   679.708      0.00      0.00         -466.38   466.384      0.00      0.00          -45.62    39.630      6.77      0.78         -160.56   160.564      0.00      0.00           -4.09     4.093      0.00      0.00
      2160      0.00         -258.42   258.418      0.00      0.00         -788.55   788.552      0.00      0.00         -490.56   490.562      0.00      0.00         -123.03   123.035      0.00      0.00           91.73     0.000    957.43   1049.16         -679.71   679.707      0.00      0.00         -466.38   466.383      0.00      0.00          -45.63    35.186     11.79      1.35         -160.47   160.466      0.00      0.00           -4.09     4.091      0.00      0.00
      2200      0.00         -258.46   258.461      0.00      0.00         -788.59   788.590      0.00      0.00         -490.50   490.502      0.00      0.00         -122.97   122.973      0.00      0.00           91.75     0.000    957.26   1049.01         -679.71   679.707      0.00      0.00         -466.38   466.382      0.00      0.00          -45.63    43.430      2.49      0.29         -160.37   160.368      0.00      0.00           -4.09     4.089      0.00      0.00
      2240      0.00         -258.50   258.504      0.00      0.00         -788.63   788.627      0.00      0.00         -490.44   490.443      0.00      0.00         -122.91   122.912      0.00      0.00           91.78     0.000    957.10   1048.87         -679.71   679.706      0.00      0.00         -466.38   466.381      0.00      0.00          -45.64     8.288     42.19      4.84         -160.27   160.270      0.00      0.00           -4.09     4.088      0.00      0.00
      2280      0.00         -258.55   258.547      0.00      0.00         -788.66   788.663      0.00      0.00         -490.38   490.383      0.00      0.00         -122.85   122.850      0.00      0.00           91.80     0.000    956.93   1048.73         -679.71   679.706      0.00      0.00         -466.38   466.380      0.00      0.00          -45.64    35.565     11.38      1.31         -160.17   160.172      0.00      0.00           -4.09     4.086      0.00      0.00
      2320      0.00         -258.59   258.590      0.00      0.00         -788.70   788.700      0.00      0.00         -490.32   490.323      0.00      0.00         -122.79   122.789      0.00      0.00           91.82     0.000    956.77   1048.59         -679.71   679.705      0.00      0.00         -466.38   466.379      0.00      0.00          -45.65    43.099      2.88      0.33         -160.07   160.075      0.00      0.00           -4.08     4.085      0.00      0.00
      2360      0.00         -258.63   258.633      0.00      0.00         -788.74   788.736      0.00      0.00         -490.26   490.263      0.00      0.00         -122.73   122.727      0.00      0.00           91.85     0.000    956.61   1048.45         -679.70   679.705      0.00      0.00         -466.38   466.378      0.00      0.00          -45.65     8.366     42.12      4.83         -159.98   159.977      0.00      0.00           -4.08     4.083      0.00      0.00
      2400      0.00         -258.68   258.676      0.00      0.00         -788.77   788.771      0.00      0.00         -490.20   490.203      0.00      0.00         -122.67   122.666      0.00      0.00           91.87     0.000    956.44   1048.32         -679.70   679.704      0.00      0.00         -466.38   466.376      0.00      0.00          -45.65    39.264      7.22      0.83         -159.88   159.879      0.00      0.00           -4.08     4.081      0.00      0.00
      2440      0.00         -258.72   258.719      0.00      0.00         -788.81   788.806      0.00      0.00         -490.14   490.143      0.00      0.00         -122.60   122.604      0.00      0.00           91.90     0.000    956.28   1048.18         -679.70   679.704      0.00      0.00         -466.38   466.375      0.00      0.00          -45.66    34.442     12.67      1.45         -159.78   159.781      0.00      0.00           -4.08     4.080      0.00      0.00
      2480      0.00         -258.76   258.762      0.00      0.00         -788.84   788.841      0.00      0.00         -490.08   490.083      0.00      0.00         -122.54   122.543      0.00      0.00           91.92     0.000    956.12   1048.05         -679.70   679.703      0.00      0.00         -466.37   466.374      0.00      0.00          -45.66    44.117      1.75      0.20         -159.68   159.683      0.00      0.00           -4.08     4.078      0.00      0.00
      2520      0.00         -258.80   258.805      0.00      0.00         -788.88   788.875      0.00      0.00         -490.02   490.023      0.00      0.00         -122.48   122.481      0.00      0.00           91.94     0.000    955.97   1047.91         -679.70   679.703      0.00      0.00         -466.37   466.373      0.00      0.00          -45.67    20.830     28.06      3.22         -159.58   159.585      0.00      0.00           -4.08     4.076      0.00      0.00
      2560      0.00         -258.85   258.848      0.00      0.00         -788.91   788.910      0.00      0.00         -489.96   489.963      0.00      0.00         -122.42   122.419      0.00      0.00           91.97     0.000    955.81   1047.78         -679.70   679.702      0.00      0.00         -466.37   466.372      0.00      0.00          -45.67    11.518     38.58      4.43         -159.49   159.487      0.00      0.00           -4.07     4.075      0.00      0.00
      2600      0.00         -258.89   258.891      0.00      0.00         -788.94   788.944      0.00      0.00         -489.90   489.903      0.00      0.00         -122.36   122.357      0.00      0.00           91.99     0.000    955.66   1047.65         -679.70   679.702      0.00      0.00         -466.37   466.371      0.00      0.00          -45.68    35.808     11.15      1.28         -159.39   159.389      0.00      0.00           -4.07     4.073      0.00      0.00
      2640      0.00         -258.93   258.934      0.00      0.00         -788.98   788.978      0.00      0.00         -489.84   489.843      0.00      0.00         -122.30   122.295      0.00      0.00           92.02     0.000    955.50   1047.52         -679.70   679.701      0.00      0.00         -466.37   466.370      0.00      0.00          -45.68    43.683      2.26      0.26         -159.29   159.291      0.00      0.00           -4.07     4.071      0.00      0.00
      2680      0.00         -258.98   258.976      0.00      0.00         -789.01   789.011      0.00      0.00         -489.78   489.783      0.00      0.00         -122.23   122.234      0.00      0.00           92.04     0.000    955.35   1047.39         -679.70   679.701      0.00      0.00         -466.37   466.369      0.00      0.00          -45.69    15.223     34.41      3.95         -159.19   159.193      0.00      0.00           -4.07     4.070      0.00      0.00
      2720      0.00         -259.02   259.019      0.00      0.00         -789.04   789.043      0.00      0.00         -489.72   489.723      0.00      0.00         -122.17   122.171      0.00      0.00           92.06     0.000    955.20   1047.26         -679.70   679.700      0.00      0.00         -466.37   466.368      0.00      0.00          -45.69    25.146     23.21      2.66         -159.09   159.095      0.00      0.00           -4.07     4.068      0.00      0.00
      2760      0.00         -259.06   259.061      0.00      0.00         -789.07   789.073      0.00      0.00         -489.66   489.663      0.00      0.00         -122.11   122.109      0.00      0.00           92.09     0.000    955.05   1047.14         -679.70   679.700      0.00      0.00         -466.37   466.367      0.00      0.00          -45.70    33.622     13.64      1.57         -159.00   158.997      0.00      0.00           -4.07     4.067      0.00      0.00
      2800      0.00         -259.10   259.103      0.00      0.00         -789.10   789.104      0.00      0.00         -489.60   489.602      0.00      0.00         -122.05   122.047      0.00      0.00           92.11     0.000    954.90   1047.01         -679.70   679.699      0.00      0.00         -466.37   466.366      0.00      0.00          -45.70    45.251      0.51      0.06         -158.90   158.899      0.00      0.00           -4.06     4.065      0.00      0.00
      2840      0.00         -259.15   259.146      0.00      0.00         -789.13   789.134      0.00      0.00         -489.54   489.541      0.00      0.00         -121.98   121.984      0.00      0.00           92.14     0.000    954.76   1046.89         -679.70   679.699      0.00      0.00         -466.37   466.365      0.00      0.00          -45.71    27.201     20.91      2.40         -158.80   158.801      0.00      0.00           -4.06     4.063      0.00      0.00
      2880      0.00         -259.19   259.187      0.00      0.00         -789.16   789.163      0.00      0.00         -489.48   489.480      0.00      0.00         -121.92   121.921      0.00      0.00           92.16     0.000    954.61   1046.77         -679.70   679.698      0.00      0.00         -466.36   466.364      0.00      0.00          -45.71    34.345     12.84      1.47         -158.70   158.703      0.00      0.00           -4.06     4.062      0.00      0.00
      2920      0.00         -259.23   259.229      0.00      0.00         -789.19   789.193      0.00      0.00         -489.42   489.420      0.00      0.00         -121.86   121.858      0.00      0.00           92.18     0.000    954.47   1046.65         -679.70   679.698      0.00      0.00         -466.36   466.363      0.00      0.00          -45.72    44.988      0.82      0.09         -158.61   158.605      0.00      0.00           -4.06     4.060      0.00      0.00
      2960      0.00         -259.27   259.269      0.00      0.00         -789.22   789.223      0.00      0.00         -489.36   489.359      0.00      0.00         -121.80   121.795      0.00      0.00           92.21     0.000    954.32   1046.53         -679.70   679.697      0.00      0.00         -466.36   466.362      0.00      0.00          -45.72    34.658     12.50      1.43         -158.51   158.507      0.00      0.00           -4.06     4.058      0.00      0.00
      3000      0.00         -259.31   259.309      0.00      0.00         -789.25   789.252      0.00      0.00         -489.30   489.299      0.00      0.00         -121.73   121.733      0.00      0.00           92.23     0.000    954.18   1046.41         -679.70   679.697      0.00      0.00         -466.36   466.361      0.00      0.00          -45.73    43.079      2.99      0.34         -158.41   158.410      0.00      0.00           -4.06     4.057      0.00      0.00
      3040      0.00         -259.35   259.348      0.00      0.00         -789.28   789.281      0.00      0.00         -489.24   489.239      0.00      0.00         -121.67   121.671      0.00      0.00           92.25     0.000    954.04   1046.30         -679.70   679.696      0.00      0.00         -466.36   466.360      0.00      0.00          -45.73    32.661     14.77      1.70         -158.31   158.312      0.00      0.00           -4.06     4.055      0.00      0.00
      3080      0.00         -259.39   259.386      0.00      0.00         -789.31   789.310      0.00      0.00         -489.18   489.179      0.00      0.00         -121.61   121.609      0.00      0.00           92.28     0.000    953.91   1046.18         -679.70   679.696      0.00      0.00         -466.36   466.359      0.00      0.00          -45.74    31.513     16.07      1.84         -158.21   158.214      0.00      0.00           -4.05     4.054      0.00      0.00
      3120      0.00         -259.42   259.424      0.00      0.00         -789.34   789.339      0.00      0.00         -489.12   489.119      0.00      0.00         -121.55   121.547      0.00      0.00           92.30     0.000    953.77   1046.07         -679.70   679.695      0.00      0.00         -466.36   466.358      0.00      0.00          -45.75    27.042     21.13      2.43         -158.12   158.117      0.00      0.00           -4.05     4.052      0.00      0.00
      3160      0.00         -259.46   259.461      0.00      0.00         -789.37   789.368      0.00      0.00         -489.06   489.059      0.00      0.00         -121.48   121.485      0.00      0.00           92.33     0.000    953.63   1045.96         -679.70   679.695      0.00      0.00         -466.36   466.357      0.00      0.00          -45.75    41.126      5.23      0.60         -158.02   158.019      0.00      0.00           -4.05     4.050      0.00      0.00
      3200      0.00         -259.50   259.498      0.00      0.00         -789.40   789.397      0.00      0.00         -489.00   488.999      0.00      0.00         -121.42   121.423      0.00      0.00           92.35     0.000    953.50   1045.85         -679.69   679.695      0.00      0.00         -466.36   466.356      0.00      0.00          -45.76    10.470     39.86      4.58         -157.92   157.922      0.00      0.00           -4.05     4.049      0.00      0.00
      3240      0.00         -259.54   259.535      0.00      0.00         -789.43   789.425      0.00      0.00         -488.94   488.939      0.00      0.00         -121.36   121.362      0.00      0.00           92.37     0.000    953.37   1045.74         -679.69   679.694      0.00      0.00         -466.36   466.355      0.00      0.00          -45.77    40.065      6.44      0.74         -157.82   157.825      0.00      0.00           -4.05     4.047      0.00      0.00
      3280      0.00         -259.57   259.571      0.00      0.00         -789.45   789.454      0.00      0.00         -488.88   488.880      0.00      0.00         -121.30   121.300      0.00      0.00           92.40     0.000    953.24   1045.63         -679.69   679.694      0.00      0.00         -466.35   466.354      0.00      0.00          -45.78     0.000     99.53     53.75         -157.73   157.728      0.00      0.00           -4.05     4.045      0.00      0.00
      3320      0.00         -259.61   259.607      0.00      0.00         -789.48   789.482      0.00      0.00         -488.82   488.820      0.00      0.00         -121.24   121.239      0.00      0.00           92.42     0.000    953.11   1045.53         -679.69   679.693      0.00      0.00         -466.35   466.353      0.00      0.00          -45.79     0.000    107.68     61.89         -157.63   157.630      0.00      0.00           -4.04     4.044      0.00      0.00
      3360      0.00         -259.64   259.643      0.00      0.00         -789.51   789.510      0.00      0.00         -488.76   488.761      0.00      0.00         -121.18   121.177      0.00      0.00           92.45     0.000    952.98   1045.42         -679.69   679.693      0.00      0.00         -466.35   466.352      0.00      0.00          -45.80    45.797      0.00      0.00         -157.53   157.533      0.00      0.00           -4.04     4.042      0.00      0.00
      3400      0.00         -259.68   259.678      0.00      0.00         -789.54   789.538      0.00      0.00         -488.70   488.702      0.00      0.00         -121.12   121.116      0.00      0.00           92.47     0.000    952.85   1045.32         -679.69   679.692      0.00      0.00         -466.35   466.351      0.00      0.00          -45.81    45.807      0.00      0.00         -157.44   157.436      0.00      0.00           -4.04     4.040      0.00      0.00
      3440      0.00         -259.71   259.713      0.00      0.00         -789.57   789.567      0.00      0.00         -488.64   488.642      0.00      0.00         -121.05   121.055      0.00      0.00           92.49     0.000    952.73   1045.22         -679.69   679.692      0.00      0.00         -466.35   466.350      0.00      0.00          -45.82     0.000    161.80    115.98         -157.34   157.339      0.00      0.00           -4.04     4.039      0.00      0.00
      3480      0.00         -259.75   259.747      0.00      0.00         -789.59   789.594      0.00      0.00         -488.58   488.583      0.00      0.00         -120.99   120.994      0.00      0.00           92.52     0.000    952.60   1045.12         -679.69   679.691      0.00      0.00         -466.35   466.349      0.00      0.00          -45.83     0.000    102.67     56.84         -157.24   157.242      0.00      0.00           -4.04     4.037      0.00      0.00
      3520      0.00         -259.78   259.782      0.00      0.00         -789.62   789.622      0.00      0.00         -488.52   488.524      0.00      0.00         -120.93   120.933      0.00      0.00           92.54     0.000    952.48   1045.02         -679.69   679.691      0.00      0.00         -466.35   466.348      0.00      0.00          -45.84     0.000    112.98     67.14         -157.15   157.145      0.00      0.00           -4.04     4.036      0.00      0.00
      3560      0.00         -259.82   259.816      0.00      0.00         -789.65   789.650      0.00      0.00         -488.47   488.465      0.00      0.00         -120.87   120.872      0.00      0.00           92.56     0.000    952.35   1044.92         -679.69   679.690      0.00      0.00         -466.35   466.347      0.00      0.00          -45.85     0.000    119.95     74.10         -157.05   157.049      0.00      0.00           -4.03     4.034      0.00      0.00
      3600      0.00         -259.85   259.850      0.00      0.00         -789.68   789.678      0.00      0.00         -488.41   488.406      0.00      0.00         -120.81   120.811      0.00      0.00           92.59     0.000    952.23   1044.82         -679.69   679.690      0.00      0.00         -466.35   466.346      0.00      0.00          -45.85     0.000     73.97     28.12         -156.95   156.953      0.00      0.00           -4.03     4.032      0.00      0.00
      3640      0.00         -259.88   259.884      0.00      0.00         -789.71   789.705      0.00      0.00         -488.35   488.348      0.00      0.00         -120.75   120.750      0.00      0.00           92.61     0.000    952.11   1044.73         -679.69   679.689      0.00      0.00         -466.35   466.345      0.00      0.00          -45.86     0.000     87.55     41.69         -156.86   156.858      0.00      0.00           -4.03     4.031      0.00      0.00
      3680      0.00         -259.92   259.917      0.00      0.00         -789.73   789.733      0.00      0.00         -488.29   488.289      0.00      0.00         -120.69   120.690      0.00      0.00           92.64     0.000    952.00   1044.63         -679.69   679.689      0.00      0.00         -466.34   466.344      0.00      0.00          -45.87     0.000     86.75     40.88         -156.76   156.763      0.00      0.00           -4.03     4.029      0.00      0.00
      3720      0.00         -259.95   259.950      0.00      0.00         -789.76   789.760      0.00      0.00         -488.23   488.230      0.00      0.00         -120.63   120.629      0.00      0.00           92.66     0.000    951.88   1044.54         -679.69   679.688      0.00      0.00         -466.34   466.343      0.00      0.00          -45.88     0.000    114.58     68.70         -156.67   156.668      0.00      0.00           -4.03     4.027      0.00      0.00
      3760      0.00         -259.98   259.983      0.00      0.00         -789.79   789.788      0.00      0.00         -488.17   488.172      0.00      0.00         -120.57   120.569      0.00      0.00           92.68     0.000    951.76   1044.44         -679.69   679.688      0.00      0.00         -466.34   466.342      0.00      0.00          -45.89    45.894      0.00      0.00         -156.57   156.573      0.00      0.00           -4.03     4.026      0.00      0.00
      3800      0.00         -260.02   260.016      0.00      0.00         -789.81   789.815      0.00      0.00         -488.11   488.113      0.00      0.00         -120.51   120.508      0.00      0.00           92.71     0.000    951.65   1044.35         -679.69   679.687      0.00      0.00         -466.34   466.341      0.00      0.00          -45.90     0.000    119.16     73.26         -156.48   156.479      0.00      0.00           -4.02     4.024      0.00      0.00
      3840      0.00         -260.05   260.049      0.00      0.00         -789.84   789.842      0.00      0.00         -488.05   488.055      0.00      0.00         -120.45   120.448      0.00      0.00           92.73     0.000    951.53   1044.26         -679.69   679.687      0.00      0.00         -466.34   466.340      0.00      0.00          -45.91    45.914      0.00      0.00         -156.38   156.385      0.00      0.00           -4.02     4.022      0.00      0.00
      3880      0.00         -260.08   260.081      0.00      0.00         -789.87   789.868      0.00      0.00         -488.00   487.996      0.00      0.00         -120.39   120.388      0.00      0.00           92.76     0.000    951.42   1044.17         -679.69   679.687      0.00      0.00         -466.34   466.339      0.00      0.00          -45.92     0.000    121.27     75.34         -156.29   156.290      0.00      0.00           -4.02     4.021      0.00      0.00
      3920      0.00         -260.11   260.113      0.00      0.00         -789.90   789.895      0.00      0.00         -487.94   487.938      0.00      0.00         -120.33   120.328      0.00      0.00           92.78     0.000    951.31   1044.09         -679.69   679.686      0.00      0.00         -466.34   466.338      0.00      0.00          -45.93    45.933      0.00      0.00         -156.20   156.196      0.00      0.00           -4.02     4.019      0.00      0.00
      3960      0.00         -260.15   260.145      0.00      0.00         -789.92   789.922      0.00      0.00         -487.88   487.880      0.00      0.00         -120.27   120.267      0.00      0.00           92.80     0.000    951.20   1044.00         -679.69   679.686      0.00      0.00         -466.34   466.337      0.00      0.00          -45.94     0.000    120.89     74.95         -156.10   156.102      0.00      0.00           -4.02     4.018      0.00      0.00
      4000      0.00         -260.18   260.177      0.00      0.00         -789.95   789.948      0.00      0.00         -487.82   487.822      0.00      0.00         -120.21   120.207      0.00      0.00           92.83     0.000    951.09   1043.91         -679.69   679.685      0.00      0.00         -466.34   466.336      0.00      0.00          -45.95    45.952      0.00      0.00         -156.01   156.008      0.00      0.00           -4.02     4.016      0.00      0.00
      4040      0.00         -260.21   260.209      0.00      0.00         -789.97   789.974      0.00      0.00         -487.76   487.763      0.00      0.00         -120.15   120.147      0.00      0.00           92.85     0.000    950.98   1043.83         -679.68   679.685      0.00      0.00         -466.34   466.335      0.00      0.00          -45.96     0.000    123.66     77.70         -155.91   155.915      0.00      0.00           -4.01     4.014      0.00      0.00
      4080      0.00         -260.24   260.240      0.00      0.00         -790.00   790.000      0.00      0.00         -487.71   487.705      0.00      0.00         -120.09   120.087      0.00      0.00           92.87     0.000    950.87   1043.74         -679.68   679.684      0.00      0.00         -466.33   466.334      0.00      0.00          -45.97    45.971      0.00      0.00         -155.82   155.821      0.00      0.00           -4.01     4.013      0.00      0.00
      4120      0.00         -260.27   260.272      0.00      0.00         -790.03   790.026      0.00      0.00         -487.65   487.647      0.00      0.00         -120.03   120.027      0.00      0.00           92.90     0.000    950.76   1043.66         -679.68   679.684      0.00      0.00         -466.33   466.333      0.00      0.00          -45.98     0.000    128.27     82.29         -155.73   155.728      0.00      0.00           -4.01     4.011      0.00      0.00
      4160      0.00         -260.30   260.303      0.00      0.00         -790.05   790.051      0.00      0.00         -487.59   487.589      0.00      0.00         -119.97   119.968      0.00      0.00           92.92     0.000    950.66   1043.58         -679.68   679.683      0.00      0.00         -466.33   466.332      0.00      0.00          -45.99    45.990      0.00      0.00         -155.63   155.635      0.00      0.00           -4.01     4.009      0.00      0.00
      4200      0.00         -260.33   260.334      0.00      0.00         -790.08   790.077      0.00      0.00         -487.53   487.532      0.00      0.00         -119.91   119.908      0.00      0.00           92.94     0.000    950.55   1043.50         -679.68   679.683      0.00      0.00         -466.33   466.331      0.00      0.00          -46.00     0.000    129.38     83.38         -155.54   155.542      0.00      0.00           -4.01     4.008      0.00      0.00
      4240      0.00         -260.36   260.365      0.00      0.00         -790.10   790.101      0.00      0.00         -487.47   487.474      0.00      0.00         -119.85   119.848      0.00      0.00           92.97     0.000    950.45   1043.42         -679.68   679.682      0.00      0.00         -466.33   466.330      0.00      0.00          -46.01    46.009      0.00      0.00         -155.45   155.449      0.00      0.00           -4.01     4.006      0.00      0.00
      4280      0.00         -260.40   260.395      0.00      0.00         -790.13   790.126      0.00      0.00         -487.42   487.416      0.00      0.00         -119.79   119.789      0.00      0.00           92.99     0.000    950.35   1043.34         -679.68   679.682      0.00      0.00         -466.33   466.329      0.00      0.00          -46.02     0.000    130.61     84.59         -155.36   155.356      0.00      0.00           -4.00     4.005      0.00      0.00
      4320      0.00         -260.43   260.426      0.00      0.00         -790.15   790.151      0.00      0.00         -487.36   487.358      0.00      0.00         -119.73   119.729      0.00      0.00           93.02     0.000    950.24   1043.26         -679.68   679.681      0.00      0.00         -466.33   466.328      0.00      0.00          -46.03    46.028      0.00      0.00         -155.26   155.263      0.00      0.00           -4.00     4.003      0.00      0.00
      4360      0.00         -260.46   260.456      0.00      0.00         -790.17   790.175      0.00      0.00         -487.30   487.301      0.00      0.00         -119.67   119.670      0.00      0.00           93.04     0.000    950.14   1043.18         -679.68   679.681      0.00      0.00         -466.33   466.327      0.00      0.00          -46.04     0.000    131.47     85.43         -155.17   155.170      0.00      0.00           -4.00     4.001      0.00      0.00
      4400      0.00         -260.49   260.487      0.00      0.00         -790.20   790.199      0.00      0.00         -487.24   487.243      0.00      0.00         -119.61   119.610      0.00      0.00           93.06     0.000    950.04   1043.11         -679.68   679.681      0.00      0.00         -466.33   466.326      0.00      0.00          -46.05    46.047      0.00      0.00         -155.08   155.078      0.00      0.00           -4.00     4.000      0.00      0.00
      4440      0.00         -260.52   260.517      0.00      0.00         -790.22   790.223      0.00      0.00         -487.19   487.186      0.00      0.00         -119.55   119.551      0.00      0.00           93.09     0.000    949.94   1043.03         -679.68   679.680      0.00      0.00         -466.33   466.325      0.00      0.00          -46.06     0.000    130.54     84.48         -154.98   154.985      0.00      0.00           -4.00     3.998      0.00      0.00
      4480      0.00         -260.55   260.547      0.00      0.00         -790.25   790.247      0.00      0.00         -487.13   487.128      0.00      0.00         -119.49   119.492      0.00      0.00           93.11     0.000    949.85   1042.96         -679.68   679.680      0.00      0.00         -466.32   466.324      0.00      0.00          -46.06    46.065      0.00      0.00         -154.89   154.893      0.00      0.00           -4.00     3.996      0.00      0.00
      4520      0.00         -260.58   260.577      0.00      0.00         -790.27   790.271      0.00      0.00         -487.07   487.071      0.00      0.00         -119.43   119.433      0.00      0.00           93.13     0.000    949.75   1042.88         -679.68   679.679      0.00      0.00         -466.32   466.323      0.00      0.00          -46.07     0.000    130.53     84.46         -154.80   154.800      0.00      0.00           -3.99     3.995      0.00      0.00
      4560      0.00         -260.61   260.607      0.00      0.00         -790.29   790.294      0.00      0.00         -487.01   487.014      0.00      0.00         -119.37   119.374      0.00      0.00           93.16     0.000    949.65   1042.81         -679.68   679.679      0.00      0.00         -466.32   466.322      0.00      0.00          -46.08    46.083      0.00      0.00         -154.71   154.708      0.00      0.00           -3.99     3.993      0.00      0.00
      4600      0.00         -260.64   260.637      0.00      0.00         -790.32   790.317      0.00      0.00         -486.96   486.956      0.00      0.00         -119.31   119.314      0.00      0.00           93.18     0.000    949.56   1042.74         -679.68   679.678      0.00      0.00         -466.32   466.321      0.00      0.00          -46.09     0.000    130.82     84.73         -154.62   154.616      0.00      0.00           -3.99     3.991      0.00      0.00
      4640      0.00         -260.67   260.667      0.00      0.00         -790.34   790.340      0.00      0.00         -486.90   486.899      0.00      0.00         -119.26   119.255      0.00      0.00           93.20     0.000    949.46   1042.67         -679.68   679.678      0.00      0.00         -466.32   466.320      0.00      0.00          -46.10    46.101      0.00      0.00         -154.52   154.524      0.00      0.00           -3.99     3.990      0.00      0.00
      4680      0.00         -260.70   260.696      0.00      0.00         -790.36   790.363      0.00      0.00         -486.84   486.842      0.00      0.00         -119.20   119.197      0.00      0.00           93.23     0.000    949.37   1042.60         -679.68   679.677      0.00      0.00         -466.32   466.319      0.00      0.00          -46.11     0.000    128.72     82.61         -154.43   154.432      0.00      0.00           -3.99     3.988      0.00      0.00
      4720      0.00         -260.73   260.726      0.00      0.00         -790.39   790.386      0.00      0.00         -486.79   486.785      0.00      0.00         -119.14   119.138      0.00      0.00           93.25     0.000    949.27   1042.53         -679.68   679.677      0.00      0.00         -466.32   466.318      0.00      0.00          -46.12    46.119      0.00      0.00         -154.34   154.340      0.00      0.00           -3.99     3.986      0.00      0.00
      4760      0.00         -260.76   260.755      0.00      0.00         -790.41   790.409      0.00      0.00         -486.73   486.728      0.00      0.00         -119.08   119.079      0.00      0.00           93.28     0.000    949.18   1042.46         -679.68   679.676      0.00      0.00         -466.32   466.317      0.00      0.00          -46.13     0.000    129.91     83.78         -154.25   154.248      0.00      0.00           -3.98     3.985      0.00      0.00
      4800      0.00         -260.78   260.784      0.00      0.00         -790.43   790.431      0.00      0.00         -486.67   486.671      0.00      0.00         -119.02   119.020      0.00      0.00           93.30     0.000    949.09   1042.39         -679.68   679.676      0.00      0.00         -466.32   466.316      0.00      0.00          -46.14    46.137      0.00      0.00         -154.16   154.156      0.00      0.00           -3.98     3.983      0.00      0.00
      4840      0.00         -260.81   260.814      0.00      0.00         -790.45   790.454      0.00      0.00         -486.61   486.615      0.00      0.00         -118.96   118.962      0.00      0.00           93.32     0.000    949.00   1042.32         -679.68   679.676      0.00      0.00         -466.31   466.315      0.00      0.00          -46.15     0.000    129.80     83.66         -154.06   154.065      0.00      0.00           -3.98     3.982      0.00      0.00
      4880      0.00         -260.84   260.843      0.00      0.00         -790.48   790.476      0.00      0.00         -486.56   486.558      0.00      0.00         -118.90   118.903      0.00      0.00           93.35     0.000    948.91   1042.26         -679.68   679.675      0.00      0.00         -466.31   466.314      0.00      0.00          -46.16    46.155      0.00      0.00         -153.97   153.973      0.00      0.00           -3.98     3.980      0.00      0.00
      4920      0.00         -260.87   260.872      0.00      0.00         -790.50   790.498      0.00      0.00         -486.50   486.501      0.00      0.00         -118.84   118.845      0.00      0.00           93.37     0.000    948.82   1042.19         -679.67   679.675      0.00      0.00         -466.31   466.313      0.00      0.00          -46.16     0.000    129.89     83.73         -153.88   153.882      0.00      0.00           -3.98     3.978      0.00      0.00
      4960      0.00         -260.90   260.900      0.00      0.00         -790.52   790.520      0.00      0.00         -486.44   486.444      0.00      0.00         -118.79   118.786      0.00      0.00           93.39     0.000    948.73   1042.13         -679.67   679.674      0.00      0.00         -466.31   466.312      0.00      0.00          -46.17    46.173      0.00      0.00         -153.79   153.790      0.00      0.00           -3.98     3.977      0.00      0.00
      5000      0.00         -260.93   260.929      0.00      0.00         -790.54   790.542      0.00      0.00         -486.39   486.388      0.00      0.00         -118.73   118.728      0.00      0.00           93.42     0.000    948.65   1042.06         -679.67   679.674      0.00      0.00         -466.31   466.311      0.00      0.00          -46.18     0.000    129.52     83.34         -153.70   153.699      0.00      0.00           -3.98     3.975      0.00      0.00
