nwritetab=     126
      time weirun   ro18 sealev dtanta dtants dtantj dtseas   rco2     ecc     obl    prec facice facorb facco2   toti(km3)  totig(km3)  totif(km3)   tota(km2)  totag(km2)  totaf(km2)    h(m)  eofe(m)  eofw(m)   eof(m)  esle(m)  eslw(m)   esl(m)
         8  2.000  0.000    0.0   0.00   0.00   0.00   0.00  1.430 0.01670  23.439  77.082  0.000  0.000  1.516    27086678    26351132      735546    15704732    12709300     2995431  1724.7   52.715    5.425   58.140    0.000    0.000    0.000
        40  2.000  0.000    0.0   0.00   0.00   0.00   0.00  1.430 0.01670  23.439  77.082  0.000  0.000  1.516    24653514    24506050      147464    11965523    10925481     1040042  2060.4   51.319    4.295   55.614    1.396    1.130    2.526
        80  2.000  0.000    0.0   0.00   0.00   0.00   0.00  1.430 0.01670  23.439  77.082  0.000  0.000  1.516    22996885    22888524      108361    10760074    10043770      716304  2137.2   50.407    2.801   53.208    2.308    2.624    4.932
       120  2.000  0.000    0.0   0.00   0.00   0.00   0.00  1.430 0.01670  23.439  77.082  0.000  0.000  1.516    22050189    21982309       67880    10293169     9713172      579997  2142.2   49.659    1.975   51.633    3.056    3.451    6.507
       160  2.000  0.000    0.0   0.00   0.00   0.00   0.00  1.430 0.01670  23.439  77.082  0.000  0.000  1.516    21725622    21663972       61649    10108529     9610239      498291  2149.2   49.030    1.934   50.964    3.685    3.491    7.176
       200  2.000  0.000    0.0   0.00   0.00   0.00   0.00  1.430 0.01670  23.439  77.082  0.000  0.000  1.516    21482622    21424638       57984    10024406     9578050      446356  2143.0   48.483    1.929   50.412    4.232    3.496    7.728
       240  2.000  0.000    0.0   0.00   0.00   0.00   0.00  1.430 0.01670  23.439  77.082  0.000  0.000  1.516    21213409    21161415       51994     9890356     9501666      388690  2144.9   47.885    1.922   49.807    4.830    3.503    8.333
       280  2.000  0.000    0.0   0.00   0.00   0.00   0.00  1.430 0.01670  23.439  77.082  0.000  0.000  1.516    20952246    20901741       50505     9825636     9424419      401216  2132.4   47.332    1.923   49.254    5.383    3.503    8.886
       320  2.000  0.000    0.0   0.00   0.00   0.00   0.00  1.430 0.01670  23.439  77.082  0.000  0.000  1.516    20737302    20676621       60681     9804885     9353087      451797  2115.0   46.865    1.921   48.786    5.850    3.504    9.354
       360  2.000  0.000    0.0   0.00   0.00   0.00   0.00  1.430 0.01670  23.439  77.082  0.000  0.000  1.516    20546019    20483887       62132     9720925     9326602      394322  2113.6   46.417    1.917   48.334    6.298    3.508    9.806
       400  2.000  0.000    0.0   0.00   0.00   0.00   0.00  1.430 0.01670  23.439  77.082  0.000  0.000  1.516    20357982    20306032       51950     9664167     9275238      388929  2106.5   46.001    1.915   47.917    6.714    3.510   10.223
       440  2.000  0.000    0.0   0.00   0.00   0.00   0.00  1.430 0.01670  23.439  77.082  0.000  0.000  1.516    20117973    20052241       65731     9643284     9210560      432724  2086.2   45.461    1.907   47.369    7.253    3.518   10.771
       480  2.000  0.000    0.0   0.00   0.00   0.00   0.00  1.430 0.01670  23.439  77.082  0.000  0.000  1.516    19832340    19777424       54916     9552948     9139193      413755  2076.0   44.877    1.900   46.776    7.838    3.525   11.364
       520  2.000  0.000    0.0   0.00   0.00   0.00   0.00  1.430 0.01670  23.439  77.082  0.000  0.000  1.516    19554355    19498617       55739     9539948     9073218      466730  2049.7   44.283    1.899   46.182    8.432    3.526   11.958
       560  2.000  0.000    0.0   0.00   0.00   0.00   0.00  1.430 0.01670  23.439  77.082  0.000  0.000  1.516    19276345    19219780       56564     9434474     8987868      446606  2043.2   43.700    1.898   45.597    9.015    3.527   12.543
       600  2.000  0.000    0.0   0.00   0.00   0.00   0.00  1.430 0.01670  23.439  77.082  0.000  0.000  1.516    19138788    19077656       61133     9389936     8955063      434874  2038.2   43.375    1.896   45.271    9.340    3.529   12.869
       640  2.000  0.000    0.0   0.00   0.00   0.00   0.00  1.430 0.01670  23.439  77.082  0.000  0.000  1.516    19014811    18959217       55594     9395199     8948157      447042  2023.9   43.104    1.895   44.999    9.611    3.530   13.141
       680  2.000  0.000    0.0   0.00   0.00   0.00   0.00  1.430 0.01670  23.439  77.082  0.000  0.000  1.516    18902028    18858204       43824     9382062     8935460      446603  2014.7   42.863    1.878   44.741    9.852    3.547   13.399
       720  2.000  0.000    0.0   0.00   0.00   0.00   0.00  1.430 0.01670  23.439  77.082  0.000  0.000  1.516    18795224    18743216       52008     9368769     8902947      465822  2006.2   42.630    1.867   44.497   10.085    3.558   13.643
       760  2.000  0.000    0.0   0.00   0.00   0.00   0.00  1.430 0.01670  23.439  77.082  0.000  0.000  1.516    18703140    18657074       46065     9342824     8921292      421531  2001.9   42.426    1.859   44.285   10.289    3.566   13.855
       800  2.000  0.000    0.0   0.00   0.00   0.00   0.00  1.430 0.01670  23.439  77.082  0.000  0.000  1.516    18627002    18570402       56600     9304023     8883113      420911  2002.0   42.247    1.854   44.101   10.468    3.571   14.039
       840  2.000  0.000    0.0   0.00   0.00   0.00   0.00  1.430 0.01670  23.439  77.082  0.000  0.000  1.516    18548020    18497217       50803     9343382     8889480      453903  1985.2   42.074    1.842   43.917   10.640    3.583   14.223
       880  2.000  0.000    0.0   0.00   0.00   0.00   0.00  1.430 0.01670  23.439  77.082  0.000  0.000  1.516    18459854    18404358       55496     9335762     8902754      433008  1977.3   41.885    1.813   43.697   10.830    3.612   14.443
       920  2.000  0.000    0.0   0.00   0.00   0.00   0.00  1.430 0.01670  23.439  77.082  0.000  0.000  1.516    18381465    18328370       53095     9324349     8856970      467379  1971.3   41.735    1.803   43.538   10.980    3.622   14.602
       960  2.000  0.000    0.0   0.00   0.00   0.00   0.00  1.430 0.01670  23.439  77.082  0.000  0.000  1.516    18318341    18262617       55724     9316532     8857046      459485  1966.2   41.604    1.801   43.405   11.111    3.624   14.735
      1000  2.000  0.000    0.0   0.00   0.00   0.00   0.00  1.430 0.01670  23.439  77.082  0.000  0.000  1.516    18251781    18202934       48846     9291467     8857338      434128  1964.4   41.450    1.806   43.256   11.265    3.619   14.884
      1040  2.000  0.000    0.0   0.00   0.00   0.00   0.00  1.430 0.01670  23.439  77.082  0.000  0.000  1.516    18197546    18146722       50824     9304283     8844699      459584  1955.8   41.324    1.810   43.135   11.391    3.615   15.005
      1080  2.000  0.000    0.0   0.00   0.00   0.00   0.00  1.430 0.01670  23.439  77.082  0.000  0.000  1.516    18143544    18097309       46235     9266783     8832130      434653  1957.9   41.211    1.807   43.018   11.504    3.618   15.122
      1120  2.000  0.000    0.0   0.00   0.00   0.00   0.00  1.430 0.01670  23.439  77.082  0.000  0.000  1.516    18094207    18046596       47610     9273011     8838031      434980  1951.3   41.100    1.802   42.902   11.615    3.624   15.238
      1160  2.000  0.000    0.0   0.00   0.00   0.00   0.00  1.430 0.01670  23.439  77.082  0.000  0.000  1.516    18053825    18005585       48241     9247020     8818748      428272  1952.4   40.994    1.802   42.796   11.721    3.623   15.344
      1200  2.000  0.000    0.0   0.00   0.00   0.00   0.00  1.430 0.01670  23.439  77.082  0.000  0.000  1.516    18006057    17958928       47129     9246292     8812419      433873  1947.4   40.888    1.802   42.690   11.827    3.623   15.450
      1240  2.000  0.000    0.0   0.00   0.00   0.00   0.00  1.430 0.01670  23.439  77.082  0.000  0.000  1.516    17955998    17916445       39553     9214511     8825062      389449  1948.7   40.783    1.804   42.587   11.932    3.622   15.553
      1280  2.000  0.000    0.0   0.00   0.00   0.00   0.00  1.430 0.01670  23.439  77.082  0.000  0.000  1.516    17913812    17867121       46691     9221070     8819553      401517  1942.7   40.662    1.810   42.472   12.053    3.615   15.668
      1320  2.000  0.000    0.0   0.00   0.00   0.00   0.00  1.430 0.01670  23.439  77.082  0.000  0.000  1.516    17854554    17806222       48333     9208703     8799336      409367  1938.9   40.568    1.767   42.334   12.147    3.659   15.806
      1360  2.000  0.000    0.0   0.00   0.00   0.00   0.00  1.430 0.01670  23.439  77.082  0.000  0.000  1.516    17807853    17757804       50049     9201662     8799377      402285  1935.3   40.474    1.761   42.235   12.241    3.664   15.905
      1400  2.000  0.000    0.0   0.00   0.00   0.00   0.00  1.430 0.01670  23.439  77.082  0.000  0.000  1.516    17768424    17721576       46848     9182821     8780171      402651  1935.0   40.391    1.764   42.155   12.324    3.661   15.985
      1440  2.000  0.000    0.0   0.00   0.00   0.00   0.00  1.430 0.01670  23.439  77.082  0.000  0.000  1.516    17739189    17693336       45852     9202455     8786876      415579  1927.7   40.320    1.765   42.085   12.395    3.660   16.055
      1480  2.000  0.000    0.0   0.00   0.00   0.00   0.00  1.430 0.01670  23.439  77.082  0.000  0.000  1.516    17713265    17669910       43355     9202032     8799612      402420  1924.9   40.253    1.762   42.016   12.462    3.663   16.124
      1520  2.000  0.000    0.0   0.00   0.00   0.00   0.00  1.430 0.01670  23.439  77.082  0.000  0.000  1.516    17684962    17647962       37000     9189455     8799453      390003  1924.5   40.191    1.764   41.955   12.524    3.661   16.185
      1560  2.000  0.000    0.0   0.00   0.00   0.00   0.00  1.430 0.01670  23.439  77.082  0.000  0.000  1.516    17656621    17613501       43120     9176625     8780436      396189  1924.1   40.128    1.767   41.894   12.587    3.658   16.246
      1600  2.000  0.000    0.0   0.00   0.00   0.00   0.00  1.430 0.01670  23.439  77.082  0.000  0.000  1.516    17634716    17588308       46408     9214858     8799715      415143  1913.7   40.067    1.764   41.832   12.648    3.661   16.308
      1640  2.000  0.000    0.0   0.00   0.00   0.00   0.00  1.430 0.01670  23.439  77.082  0.000  0.000  1.516    17605828    17554647       51181     9202528     8767308      435220  1913.2   40.011    1.747   41.759   12.703    3.678   16.381
      1680  2.000  0.000    0.0   0.00   0.00   0.00   0.00  1.430 0.01670  23.439  77.082  0.000  0.000  1.516    17574285    17528213       46073     9182652     8780479      402173  1913.9   39.952    1.739   41.690   12.763    3.686   16.450
      1720  2.000  0.000    0.0   0.00   0.00   0.00   0.00  1.430 0.01670  23.439  77.082  0.000  0.000  1.516    17547601    17513221       34380     9169864     8806112      363753  1913.6   39.892    1.743   41.634   12.823    3.682   16.506
      1760  2.000  0.000    0.0   0.00   0.00   0.00   0.00  1.430 0.01670  23.439  77.082  0.000  0.000  1.516    17517905    17479024       38881     9150149     8773774      376375  1914.5   39.827    1.744   41.571   12.888    3.681   16.569
      1800  2.000  0.000    0.0   0.00   0.00   0.00   0.00  1.430 0.01670  23.439  77.082  0.000  0.000  1.516    17503695    17462084       41612     9150226     8793873      356353  1912.9   39.775    1.748   41.523   12.940    3.678   16.617
      1840  2.000  0.000    0.0   0.00   0.00   0.00   0.00  1.430 0.01670  23.439  77.082  0.000  0.000  1.516    17477548    17437114       40434     9182394     8793219      389175  1903.4   39.714    1.747   41.462   13.001    3.678   16.678
      1880  2.000  0.000    0.0   0.00   0.00   0.00   0.00  1.430 0.01670  23.439  77.082  0.000  0.000  1.516    17454718    17411200       43518     9150727     8792600      358127  1907.5   39.648    1.752   41.400   13.067    3.673   16.740
      1920  2.000  0.000    0.0   0.00   0.00   0.00   0.00  1.430 0.01670  23.439  77.082  0.000  0.000  1.516    17429441    17386809       42633     9208431     8793547      414884  1892.8   39.600    1.739   41.339   13.114    3.686   16.801
      1960  2.000  0.000    0.0   0.00   0.00   0.00   0.00  1.430 0.01670  23.439  77.082  0.000  0.000  1.516    17408802    17369013       39789     9182309     8799408      382901  1895.9   39.556    1.732   41.289   13.159    3.693   16.851
      2000  2.000  0.000    0.0   0.00   0.00   0.00   0.00  1.430 0.01670  23.439  77.082  0.000  0.000  1.516    17386573    17339452       47120     9189835     8780118      409717  1891.9   39.502    1.733   41.235   13.213    3.692   16.905
      2040  2.000  0.000    0.0   0.00   0.00   0.00   0.00  1.430 0.01670  23.439  77.082  0.000  0.000  1.516    17366290    17325904       40385     9150389     8786544      363845  1897.9   39.453    1.732   41.185   13.262    3.693   16.955
      2080  2.000  0.000    0.0   0.00   0.00   0.00   0.00  1.430 0.01670  23.439  77.082  0.000  0.000  1.516    17344468    17303259       41209     9201907     8793479      408428  1884.9   39.412    1.720   41.132   13.303    3.705   17.008
      2120  2.000  0.000    0.0   0.00   0.00   0.00   0.00  1.430 0.01670  23.439  77.082  0.000  0.000  1.516    17322731    17283160       39571     9163407     8786293      377114  1890.4   39.363    1.719   41.082   13.352    3.706   17.058
      2160  2.000  0.000    0.0   0.00   0.00   0.00   0.00  1.430 0.01670  23.439  77.082  0.000  0.000  1.516    17302566    17257839       44727     9189096     8780463      408634  1882.9   39.322    1.715   41.036   13.393    3.710   17.104
      2200  2.000  0.000    0.0   0.00   0.00   0.00   0.00  1.430 0.01670  23.439  77.082  0.000  0.000  1.516    17282586    17243412       39174     9157070     8780230      376840  1887.3   39.282    1.709   40.992   13.433    3.716   17.148
      2240  2.000  0.000    0.0   0.00   0.00   0.00   0.00  1.430 0.01670  23.439  77.082  0.000  0.000  1.516    17266182    17214653       51530     9189191     8767655      421536  1879.0   39.239    1.705   40.944   13.476    3.720   17.196
      2280  2.000  0.000    0.0   0.00   0.00   0.00   0.00  1.430 0.01670  23.439  77.082  0.000  0.000  1.516    17243402    17195399       48002     9176638     8773776      402861  1879.1   39.200    1.696   40.897   13.515    3.729   17.243
      2320  2.000  0.000    0.0   0.00   0.00   0.00   0.00  1.430 0.01670  23.439  77.082  0.000  0.000  1.516    17226367    17173636       52730     9176548     8761493      415056  1877.2   39.158    1.696   40.853   13.557    3.729   17.287
      2360  2.000  0.000    0.0   0.00   0.00   0.00   0.00  1.430 0.01670  23.439  77.082  0.000  0.000  1.516    17205413    17160376       45037     9157168     8760655      396513  1878.9   39.117    1.698   40.815   13.598    3.727   17.325
      2400  2.000  0.000    0.0   0.00   0.00   0.00   0.00  1.430 0.01670  23.439  77.082  0.000  0.000  1.516    17189565    17147668       41898     9163329     8774302      389027  1875.9   39.084    1.699   40.783   13.631    3.726   17.357
      2440  2.000  0.000    0.0   0.00   0.00   0.00   0.00  1.430 0.01670  23.439  77.082  0.000  0.000  1.516    17171166    17131783       39383     9137824     8767452      370372  1879.1   39.049    1.700   40.749   13.666    3.725   17.391
      2480  2.000  0.000    0.0   0.00   0.00   0.00   0.00  1.430 0.01670  23.439  77.082  0.000  0.000  1.516    17158550    17120518       38033     9144120     8754385      389735  1876.5   39.015    1.703   40.718   13.700    3.722   17.422
      2520  2.000  0.000    0.0   0.00   0.00   0.00   0.00  1.430 0.01670  23.439  77.082  0.000  0.000  1.516    17142363    17105426       36937     9143663     8767452      376211  1874.8   38.981    1.704   40.686   13.734    3.721   17.454
      2560  2.000  0.000    0.0   0.00   0.00   0.00   0.00  1.430 0.01670  23.439  77.082  0.000  0.000  1.516    17131116    17092474       38641     9143688     8767908      375779  1873.5   38.948    1.709   40.657   13.767    3.717   17.483
      2600  2.000  0.000    0.0   0.00   0.00   0.00   0.00  1.430 0.01670  23.439  77.082  0.000  0.000  1.516    17117211    17078530       38681     9144155     8767099      377056  1871.9   38.912    1.710   40.621   13.803    3.716   17.519
      2640  2.000  0.000    0.0   0.00   0.00   0.00   0.00  1.430 0.01670  23.439  77.082  0.000  0.000  1.516    17106785    17068145       38640     9163287     8774038      389249  1866.9   38.883    1.711   40.594   13.832    3.714   17.546
      2680  2.000  0.000    0.0   0.00   0.00   0.00   0.00  1.430 0.01670  23.439  77.082  0.000  0.000  1.516    17092488    17047138       45350     9137343     8760940      376404  1870.6   38.845    1.714   40.559   13.870    3.711   17.581
      2720  2.000  0.000    0.0   0.00   0.00   0.00   0.00  1.430 0.01670  23.439  77.082  0.000  0.000  1.516    17072939    17027862       45077     9170029     8754666      415363  1861.8   38.802    1.713   40.515   13.913    3.712   17.625
      2760  2.000  0.000    0.0   0.00   0.00   0.00   0.00  1.430 0.01670  23.439  77.082  0.000  0.000  1.516    17055510    17015889       39621     9169868     8761348      408520  1860.0   38.767    1.718   40.484   13.948    3.708   17.656
      2800  2.000  0.000    0.0   0.00   0.00   0.00   0.00  1.430 0.01670  23.439  77.082  0.000  0.000  1.516    17040833    16998407       42426     9144946     8761222      383724  1863.4   38.730    1.715   40.445   13.985    3.710   17.695
      2840  2.000  0.000    0.0   0.00   0.00   0.00   0.00  1.430 0.01670  23.439  77.082  0.000  0.000  1.516    17023226    16979761       43464     9130810     8728665      402145  1864.4   38.696    1.715   40.411   14.019    3.710   17.729
      2880  2.000  0.000    0.0   0.00   0.00   0.00   0.00  1.430 0.01670  23.439  77.082  0.000  0.000  1.516    17013180    16968444       44736     9157077     8748667      408410  1857.9   38.665    1.715   40.380   14.050    3.710   17.760
      2920  2.000  0.000    0.0   0.00   0.00   0.00   0.00  1.430 0.01670  23.439  77.082  0.000  0.000  1.516    16992911    16948078       44834     9150601     8748170      402432  1857.0   38.626    1.708   40.334   14.089    3.717   17.806
      2960  2.000  0.000    0.0   0.00   0.00   0.00   0.00  1.430 0.01670  23.439  77.082  0.000  0.000  1.516    16967936    16924602       43334     9157651     8735147      422504  1852.9   38.587    1.698   40.285   14.128    3.727   17.855
      3000  2.000  0.000    0.0   0.00   0.00   0.00   0.00  1.430 0.01670  23.439  77.082  0.000  0.000  1.516    16957345    16916895       40450     9111613     8735308      376305  1861.1   38.560    1.699   40.259   14.154    3.726   17.881
      3040  2.000  0.000    0.0   0.00   0.00   0.00   0.00  1.430 0.01670  23.439  77.082  0.000  0.000  1.516    16939540    16899657       39883     9131518     8741716      389802  1855.1   38.524    1.702   40.225   14.191    3.724   17.915
      3080  2.000  0.000    0.0   0.00   0.00   0.00   0.00  1.430 0.01670  23.439  77.082  0.000  0.000  1.516    16923778    16880089       43689     9124480     8721694      402786  1854.8   38.486    1.705   40.191   14.229    3.720   17.949
      3120  2.000  0.000    0.0   0.00   0.00   0.00   0.00  1.430 0.01670  23.439  77.082  0.000  0.000  1.516    16911489    16867021       44469     9131904     8722255      409649  1851.9   38.455    1.704   40.159   14.260    3.721   17.981
      3160  2.000  0.000    0.0   0.00   0.00   0.00   0.00  1.430 0.01670  23.439  77.082  0.000  0.000  1.516    16899542    16861128       38414     9124703     8741518      383186  1852.1   38.423    1.706   40.129   14.292    3.719   18.011
      3200  2.000  0.000    0.0   0.00   0.00   0.00   0.00  1.430 0.01670  23.439  77.082  0.000  0.000  1.516    16886798    16844104       42694     9118535     8728569      389966  1851.9   38.394    1.706   40.100   14.321    3.719   18.040
      3240  2.000  0.000    0.0   0.00   0.00   0.00   0.00  1.430 0.01670  23.439  77.082  0.000  0.000  1.516    16874702    16835484       39218     9118133     8734842      383291  1850.7   38.369    1.707   40.076   14.346    3.718   18.064
      3280  2.000  0.000    0.0   0.00   0.00   0.00   0.00  1.430 0.01670  23.439  77.082  0.000  0.000  1.516    16863919    16821350       42568     9112591     8722042      390549  1850.6   38.340    1.709   40.049   14.375    3.716   18.091
      3320  2.000  0.000    0.0   0.00   0.00   0.00   0.00  1.430 0.01670  23.439  77.082  0.000  0.000  1.516    16849221    16808707       40515     9111839     8734336      377503  1849.2   38.307    1.711   40.018   14.408    3.714   18.122
      3360  2.000  0.000    0.0   0.00   0.00   0.00   0.00  1.430 0.01670  23.439  77.082  0.000  0.000  1.516    16843641    16803711       39930     9118352     8735339      383012  1847.2   38.285    1.712   39.997   14.430    3.713   18.143
      3400  2.000  0.000    0.0   0.00   0.00   0.00   0.00  1.430 0.01670  23.439  77.082  0.000  0.000  1.516    16829753    16788300       41454     9111887     8728424      383463  1847.0   38.255    1.715   39.970   14.460    3.710   18.170
      3440  2.000  0.000    0.0   0.00   0.00   0.00   0.00  1.430 0.01670  23.439  77.082  0.000  0.000  1.516    16817973    16775520       42453     9125410     8728538      396872  1843.0   38.227    1.715   39.942   14.487    3.710   18.198
      3480  2.000  0.000    0.0   0.00   0.00   0.00   0.00  1.430 0.01670  23.439  77.082  0.000  0.000  1.516    16794828    16750365       44463     9130717     8721970      408747  1839.4   38.187    1.717   39.904   14.528    3.708   18.236
      3520  2.000  0.000    0.0   0.00   0.00   0.00   0.00  1.430 0.01670  23.439  77.082  0.000  0.000  1.516    16756955    16717782       39172     9093010     8728845      364165  1842.8   38.102    1.716   39.819   14.612    3.709   18.321
      3560  2.000  0.000    0.0   0.00   0.00   0.00   0.00  1.430 0.01670  23.439  77.082  0.000  0.000  1.516    16717476    16670621       46855     9099027     8709132      389896  1837.3   38.029    1.719   39.747   14.686    3.707   18.393
      3600  2.000  0.000    0.0   0.00   0.00   0.00   0.00  1.430 0.01670  23.439  77.082  0.000  0.000  1.516    16704038    16667089       36950     9112679     8735299      377380  1833.1   37.970    1.715   39.685   14.745    3.710   18.455
      3640  2.000  0.000    0.0   0.00   0.00   0.00   0.00  1.430 0.01670  23.439  77.082  0.000  0.000  1.516    16671010    16620289       50721     9118239     8702443      415796  1828.3   37.909    1.710   39.619   14.806    3.715   18.521
      3680  2.000  0.000    0.0   0.00   0.00   0.00   0.00  1.430 0.01670  23.439  77.082  0.000  0.000  1.516    16634414    16591692       42722     9099395     8722467      376929  1828.1   37.829    1.707   39.536   14.886    3.718   18.604
      3720  2.000  0.000    0.0   0.00   0.00   0.00   0.00  1.430 0.01670  23.439  77.082  0.000  0.000  1.516    16616741    16569632       47110     9105421     8696169      409252  1824.9   37.788    1.707   39.496   14.927    3.718   18.644
      3760  2.000  0.000    0.0   0.00   0.00   0.00   0.00  1.430 0.01670  23.439  77.082  0.000  0.000  1.516    16576029    16521613       54416     9093360     8670697      422663  1822.9   37.727    1.707   39.434   14.987    3.718   18.706
      3800  2.000  0.000    0.0   0.00   0.00   0.00   0.00  1.430 0.01670  23.439  77.082  0.000  0.000  1.516    16570190    16509553       60638     9118641     8682920      435721  1817.2   37.689    1.711   39.399   15.026    3.714   18.741
      3840  2.000  0.000    0.0   0.00   0.00   0.00   0.00  1.430 0.01670  23.439  77.082  0.000  0.000  1.516    16563024    16505535       57489     9112562     8703055      409507  1817.6   37.656    1.711   39.367   15.059    3.714   18.773
      3880  2.000  0.000    0.0   0.00   0.00   0.00   0.00  1.430 0.01670  23.439  77.082  0.000  0.000  1.516    16555263    16501888       53375     9124267     8709042      415224  1814.4   37.634    1.712   39.346   15.081    3.713   18.794
      3920  2.000  0.000    0.0   0.00   0.00   0.00   0.00  1.430 0.01670  23.439  77.082  0.000  0.000  1.516    16544843    16498426       46417     9111763     8709414      402349  1815.8   37.610    1.709   39.319   15.105    3.716   18.821
      3960  2.000  0.000    0.0   0.00   0.00   0.00   0.00  1.430 0.01670  23.439  77.082  0.000  0.000  1.516    16499496    16445903       53593     9098699     8669877      428822  1813.4   37.550    1.711   39.261   15.164    3.714   18.879
      4000  2.000  0.000    0.0   0.00   0.00   0.00   0.00  1.430 0.01670  23.439  77.082  0.000  0.000  1.516    16466723    16404858       61866     9060128     8645051      415076  1817.5   37.505    1.712   39.218   15.209    3.713   18.922
      4040  2.000  0.000    0.0   0.00   0.00   0.00   0.00  1.430 0.01670  23.439  77.082  0.000  0.000  1.516    16448616    16392255       56361     9066109     8651108      415001  1814.3   37.473    1.715   39.188   15.242    3.710   18.952
      4080  2.000  0.000    0.0   0.00   0.00   0.00   0.00  1.430 0.01670  23.439  77.082  0.000  0.000  1.516    16438019    16378844       59175     9041190     8639188      402002  1818.1   37.439    1.715   39.153   15.276    3.710   18.987
      4120  2.000  0.000    0.0   0.00   0.00   0.00   0.00  1.430 0.01670  23.439  77.082  0.000  0.000  1.516    16424314    16363949       60365     9092869     8651355      441513  1806.3   37.405    1.718   39.123   15.310    3.707   19.017
      4160  2.000  0.000    0.0   0.00   0.00   0.00   0.00  1.430 0.01670  23.439  77.082  0.000  0.000  1.516    16410402    16350152       60249     9066794     8632225      434569  1809.9   37.377    1.717   39.093   15.338    3.709   19.047
      4200  2.000  0.000    0.0   0.00   0.00   0.00   0.00  1.430 0.01670  23.439  77.082  0.000  0.000  1.516    16394954    16336367       58587     9066395     8631803      434592  1808.3   37.349    1.712   39.061   15.366    3.714   19.079
      4240  2.000  0.000    0.0   0.00   0.00   0.00   0.00  1.430 0.01670  23.439  77.082  0.000  0.000  1.516    16382481    16324101       58381     9106204     8638394      467810  1799.0   37.321    1.710   39.031   15.394    3.715   19.109
      4280  2.000  0.000    0.0   0.00   0.00   0.00   0.00  1.430 0.01670  23.439  77.082  0.000  0.000  1.516    16372845    16314509       58336     9066943     8644715      422228  1805.8   37.291    1.709   39.001   15.424    3.716   19.139
      4320  2.000  0.000    0.0   0.00   0.00   0.00   0.00  1.430 0.01670  23.439  77.082  0.000  0.000  1.516    16357574    16301964       55610     9073184     8638568      434616  1802.8   37.263    1.713   38.976   15.452    3.712   19.164
      4360  2.000  0.000    0.0   0.00   0.00   0.00   0.00  1.430 0.01670  23.439  77.082  0.000  0.000  1.516    16342000    16288802       53199     9085676     8631952      453724  1798.7   37.233    1.715   38.947   15.482    3.710   19.193
      4400  2.000  0.000    0.0   0.00   0.00   0.00   0.00  1.430 0.01670  23.439  77.082  0.000  0.000  1.516    16319589    16272585       47004     9073835     8632026      441809  1798.5   37.199    1.717   38.916   15.516    3.708   19.224
      4440  2.000  0.000    0.0   0.00   0.00   0.00   0.00  1.430 0.01670  23.439  77.082  0.000  0.000  1.516    16303190    16259660       43529     9047363     8625358      422005  1802.0   37.166    1.719   38.885   15.549    3.707   19.255
      4480  2.000  0.000    0.0   0.00   0.00   0.00   0.00  1.430 0.01670  23.439  77.082  0.000  0.000  1.516    16280038    16233175       46862     9035347     8606478      428869  1801.8   37.120    1.718   38.838   15.595    3.707   19.302
      4520  2.000  0.000    0.0   0.00   0.00   0.00   0.00  1.430 0.01670  23.439  77.082  0.000  0.000  1.516    16271260    16224406       46854     9047338     8612440      434897  1798.5   37.090    1.722   38.811   15.625    3.703   19.329
      4560  2.000  0.000    0.0   0.00   0.00   0.00   0.00  1.430 0.01670  23.439  77.082  0.000  0.000  1.516    16263537    16215609       47928     9048405     8606074      442331  1797.4   37.069    1.721   38.790   15.646    3.704   19.350
      4600  2.000  0.000    0.0   0.00   0.00   0.00   0.00  1.430 0.01670  23.439  77.082  0.000  0.000  1.516    16248996    16205545       43450     9054564     8619263      435301  1794.6   37.043    1.722   38.765   15.672    3.703   19.375
      4640  2.000  0.000    0.0   0.00   0.00   0.00   0.00  1.430 0.01670  23.439  77.082  0.000  0.000  1.516    16243968    16197707       46261     9054343     8619065      435279  1794.1   37.024    1.723   38.746   15.691    3.702   19.394
      4680  2.000  0.000    0.0   0.00   0.00   0.00   0.00  1.430 0.01670  23.439  77.082  0.000  0.000  1.516    16228948    16185098       43850     9047299     8618934      428365  1793.8   36.996    1.723   38.720   15.718    3.702   19.421
      4720  2.000  0.000    0.0   0.00   0.00   0.00   0.00  1.430 0.01670  23.439  77.082  0.000  0.000  1.516    16221731    16179906       41825     9048288     8626052      422236  1792.8   36.979    1.720   38.698   15.736    3.705   19.442
      4760  2.000  0.000    0.0   0.00   0.00   0.00   0.00  1.430 0.01670  23.439  77.082  0.000  0.000  1.516    16206312    16162820       43492     9073851     8619013      454838  1786.0   36.953    1.717   38.671   15.762    3.708   19.469
      4800  2.000  0.000    0.0   0.00   0.00   0.00   0.00  1.430 0.01670  23.439  77.082  0.000  0.000  1.516    16199588    16155578       44010     9040808     8612863      427946  1791.8   36.933    1.719   38.652   15.782    3.706   19.488
      4840  2.000  0.000    0.0   0.00   0.00   0.00   0.00  1.430 0.01670  23.439  77.082  0.000  0.000  1.516    16192447    16146637       45810     9048033     8599720      448313  1789.6   36.912    1.722   38.634   15.803    3.704   19.506
      4880  2.000  0.000    0.0   0.00   0.00   0.00   0.00  1.430 0.01670  23.439  77.082  0.000  0.000  1.516    16184243    16142671       41572     9061014     8625543      435471  1786.1   36.891    1.724   38.616   15.824    3.701   19.524
      4920  2.000  0.000    0.0   0.00   0.00   0.00   0.00  1.430 0.01670  23.439  77.082  0.000  0.000  1.516    16181410    16137141       44269     9060670     8618785      441885  1785.9   36.875    1.729   38.605   15.840    3.696   19.535
      4960  2.000  0.000    0.0   0.00   0.00   0.00   0.00  1.430 0.01670  23.439  77.082  0.000  0.000  1.516    16171145    16128185       42960     9054705     8619375      435331  1785.9   36.854    1.727   38.582   15.861    3.698   19.558
      5000  2.000  0.000    0.0   0.00   0.00   0.00   0.00  1.430 0.01670  23.439  77.082  0.000  0.000  1.516    16161315    16119112       42203     9061125     8619039      442086  1783.6   36.839    1.730   38.568   15.876    3.695   19.572
