
================================================================================
time(yr)=         8   weirun= 2.0000   nuvtot=  1419   iter[a-c]=   2   2   sealev=    0   dtantann=    0.00   dtantjan=    0.00   dtseas  =    0.00   rco2    =   1.430
d(h), bud, budi, flow, neg, err =   -0.72496763   -0.77969710   -0.75740407   -0.00000322    0.06365188   -0.008919194832470
i1s :   16   16   16   16   16   16   16   15   15   15   14   14   13   12   12   11   10    9    8    7    6
j1s :   39   38   37   36   35   34   33   32   31   30   30   29   29   28   29   29   29   29   30   30   30
km  :   40  120  200  280  360  440  520  633  713  793  873  953 1033 1146 1226 1306 1386 1466 1579 1659 1739
 
h   : 1693 2188 2091 2127 1895 1972 1646  498  195  196   45    0   35    0    0    2    0    0    0    0    0
hs  :  642  900 1158 1191  946  869  672  214   22   23    5    0    4    0    0    0    0    0    0    0    0
hb  :-1052-1289 -932 -936 -949-1103 -974 -284 -563 -848 -447 -781 -561 -567 -550 -579-2265-3785-4104-4361-4533
sed :  0.0  0.0  0.0  0.0  0.0  0.0  0.0  0.0  0.0  0.0  0.0  0.0  0.0  0.0  0.0  0.0  0.0  0.0  0.0  0.0  0.0
sedu:  0.0  0.0  0.0  0.0  0.0  0.0  0.0  0.0  0.0  0.0  0.0  0.0  0.0  0.0  0.0  0.0  0.0  0.0  0.0  0.0  0.0
topb:-1052-1289 -932 -936 -949-1103 -974 -284 -563 -848 -447 -781 -561 -567 -550 -579-2265-3785-4104-4361-4533
topq:-1052-1289 -932 -936 -949-1103 -974 -284 -563 -848 -447 -781 -561 -567 -550 -579-2265-3785-4104-4361-4533
hw  :    0    0    0    0    0    0    0    0  390  674  407  781  530  567  550  577 2265 3785 4104 4361 4533
tw  :    0    0    0    0    0    0    0    0   -3   -2   -1    1   -2    2    2    2    1    0    0    0    0
mask:    0    0    0    0    0    0    0    0    1    1    1    1    1    1    1    1    1    1    1    1    1
muin:    715    0    0    0  640  625  612  582  553  550  509  507  459    0    0    0    0    0    0    0
zflo:  505  733 1037 1070  823  726  546  177    0    0    0    0    0    0    0    0    0    0    0    0    0
thet: -100 -100 -100 -100 -100 -100 -100 -100   12   77  100  100  100  100  100  100  100  100  100  100  100
budg:-1071  163  237  364  447  471  231 -174-9999-9999-3406 -146-9999    0 -335 -608    0    0    0    0    0
clif:    0    0    0    0    0    0    0    0    0    0    0    0    0    0    0    0    0    0    0    0    0
calv:    0    0    0    0    0    0    0    0    0    0    0    0    0    0    0    0    0    0    0    0    0
crevrat:    0    0    0    0    0    0    0    0    0    0    0    0    0    0    0    0    0    0    0    0    0
bedg:-2753-1146 -104  378 -190 -871-1429-1129-6108-8580-5975-9391-9059*****-9327-9272*************************
fedg:  100  100  100  100  100  100  100  100  100   88   23    0  100    0    0    0    0    0    0    0    0
fe01: 9999 9999 9999 9999 9999 9999 9999 9999 9999 8774 2309    0 9999    0    0    0    0    0    0    0    0
hedg: 1699 2187 2101 2129 1894 1876 1650  492  303  296  296    0  202    0    0    0    0    0    0    0    0
basf:   -7   -7   -7   -7   -7   -7   -7    0    0    0    0    0    0    0    0    0    0    0    0    0    0
quar:    0    0    0    0    0    0    0    0    0    0    0    0    0    0    0    0    0    0    0    0    0
ocnm:    0    0    0    0    0    0    0    0 8591 7517 7945 6604113761188215072175731944269147741197562377015
heai:    0    0    0    0    0    0    0    0    0    0    0    0    0    0    0    0    0    0    0    0    0
heab:  127  113   60   20   90  260  180   46   11    0   15    0    0    0    0    0    0    0    0    0    0
heas:    0    0    0    0    0    0    0    0    0    0    0    0    0    0    0    0    0    0    0    0    0
ua  :     43   58    7  -23  -80 -207 -155 -123  -22  -21    0    1   -4    0 -106 -230    0    0    0    0
uia :      0    0    0    0    0    0    0    0    0    0    0    0    0    0    0    0    0    0    0    0
ub  :     42   23    0   -2  -72 -207 -155 -123  -22  -21    0    1   -4    0 -106 -230    0    0    0    0
uadv:    927  486    3  -32-1369-3797-2561 -964  -55  -53    0    1   -5    0 -138 -454    0    0    0    0
dfu :   -605 -621 -259  542  703  681  512  137  239    3    3    1    1    0    1    2    0    0    0    0
crhu:    -78  -83  -94  -94  -70  -69  -70  -55  -70  -70  -70  -70  -70  -70  -70  -70  -70  -70  -70  -70
fseu:      0    0    0    0    0    0    0    0    0    0    0    0    0    0    0    0    0    0    0    0

t*10:
1.000  -37  -58  -82  -85  -67  -52  -44  -46  -24   -7  -23   -4   -4   -2   -4   -5   -2   -1   -1    0    0
0.975 -209 -232 -262 -266 -242 -223 -213 -164 -132 -120  -58   -4  -97   -2   -4   -5   -2   -1   -1    0    0
0.900 -170 -180 -211 -214 -197 -179 -175 -166 -154 -153 -115   -4 -141   -2   -4   -5   -2   -1   -1    0    0
0.775 -102  -91 -124 -126 -119 -103 -109 -146 -143 -145 -143   -4 -138   -2   -4   -5   -2   -1   -1    0    0
0.625  -21   -7  -20  -19  -26  -12  -30 -122 -129 -133 -147   -4 -128   -2   -4   -5   -2   -1   -1    0    0
0.450   -8  -10  -10  -10   -9   -9   -8  -95 -112 -118 -144   -4 -117   -2   -4   -5   -2   -1   -1    0    0
0.275  -11  -14  -13  -13  -12  -12  -10  -67  -95 -103 -136   -4 -106   -2   -4   -5   -2   -1   -1    0    0
0.150  -13  -16  -15  -16  -14  -14  -12  -48  -83  -93 -115   -4  -97   -2   -4   -5   -2   -1   -1    0    0
0.075  -14  -18  -17  -17  -15  -15  -13  -36  -74  -84  -80   -4  -86   -2   -4   -5   -2   -1   -1    0    0
0.035  -14  -18  -18  -18  -16  -16  -14  -29  -61  -67  -46   -4  -65   -2   -4   -5   -2   -1   -1    0    0
0.010  -15  -19  -18  -18  -16  -16  -14  -26  -33  -34  -16   -4  -30   -2   -4   -5   -2   -1   -1    0    0
0.000  -15  -19  -18  -18  -16  -16  -14  -25   -3   -2   -1   -4   -2   -2   -4   -5   -2   -1   -1    0    0
tbme:  -15  -19  -18  -18  -16  -17  -14   -4   -2   -2    0    0    0    0    0    0    0    0    0    0    0

tsed:
0.500    0    0    0    0    0    0    0    0    0    0    0    0    0    0    0    0    0    0    0    0    0

wsed:
0.500    0    0    0    0    0    0    0    0    0    0    0    0    0    0    0    0    0    0    0    0    0

tbed:  -12  -16  -15  -15  -13  -13  -11  -22  -63  -75 -128    3  -83    3    3    3    3    3    3    3    3

u:
0.975      0    0    0    0    0    0    0    0    0    0    0    0    0    0    0    0    0    0    0    0
0.900      0    0    0    0    0    0    0    0    0    0    0    0    0    0    0    0    0    0    0    0
0.775      0    0    0    0    0    0    0    0    0    0    0    0    0    0    0    0    0    0    0    0
0.625      0    0    0    0    0    0    0    0    0    0    0    0    0    0    0    0    0    0    0    0
0.450      0    0    0    0    0    0    0    0    0    0    0    0    0    0    0    0    0    0    0    0
0.275      0    0    0    0    0    0    0    0    0    0    0    0    0    0    0    0    0    0    0    0
0.150      0    0    0    0    0    0    0    0    0    0    0    0    0    0    0    0    0    0    0    0
0.075      0    0    0    0    0    0    0    0    0    0    0    0    0    0    0    0    0    0    0    0
0.035      0    0    0    0    0    0    0    0    0    0    0    0    0    0    0    0    0    0    0    0
0.010      0    0    0    0    0    0    0    0    0    0    0    0    0    0    0    0    0    0    0    0

================================================================================
time(yr)=      1000   weirun= 2.0000   nuvtot=   507   iter[a-c]=   2   2   sealev=    0   dtantann=    0.00   dtantjan=    0.00   dtseas  =    0.00   rco2    =   1.430
d(h), bud, budi, flow, neg, err =   -0.07379287   -0.41854623   -0.04166998    0.00000000    0.34475335    0.000000000000097
i1s :   16   16   16   16   16   16   16   15   15   15   14   14   13   12   12   11   10    9    8    7    6
j1s :   39   38   37   36   35   34   33   32   31   30   30   29   29   28   29   29   29   29   30   30   30
km  :   40  120  200  280  360  440  520  633  713  793  873  953 1033 1146 1226 1306 1386 1466 1579 1659 1739
 
h   :    0    0    0    0    0    0    0    0    0    0    0    0    0    0    0    0    0    0    0    0    0
hs  :    0    0    0    0    0    0    0    0    0    0    0    0    0    0    0    0    0    0    0    0    0
hb  :-1048-1283 -926 -930 -942-1097 -969 -282 -562 -847 -447 -782 -561 -567 -550 -579-2265-3785-4104-4361-4533
sed :  0.0  0.0  0.0  0.0  0.0  0.0  0.0  0.0  0.0  0.0  0.0  0.0  0.0  0.0  0.0  0.0  0.0  0.0  0.0  0.0  0.0
sedu:  0.0  0.0  0.0  0.0  0.0  0.0  0.0  0.0  0.0  0.0  0.0  0.0  0.0  0.0  0.0  0.0  0.0  0.0  0.0  0.0  0.0
topb:-1048-1283 -926 -930 -942-1097 -969 -282 -562 -847 -447 -782 -561 -567 -550 -579-2265-3785-4104-4361-4533
topq:-1052-1289 -932 -936 -949-1103 -974 -284 -563 -848 -447 -781 -561 -567 -550 -579-2265-3785-4104-4361-4533
hw  : 1048 1283  926  930  942 1097  969  282  562  847  447  782  561  567  550  579 2265 3785 4104 4361 4533
tw  :   15   13   12   10    9   10   10    0    0   14    0   16   17   20   16   15   21   22   23   23   24
mask:    1    1    1    1    1    1    1    1    1    1    1    1    1    1    1    1    1    1    1    1    1
muin:      0    0    0    0    0    0    0    0    0    0    0    0    0    0    0    0    0    0    0    0
zflo:    0    0    0    0    0    0    0    0    0    0    0    0    0    0    0    0    0    0    0    0    0
thet:  100  100  100  100  100  100  100  100  100  100  100  100  100  100  100  100  100  100  100  100  100
budg:    0    0    0    0    0    0    0    0    0    0    0    0    0    0    0    0    0    0    0    0    0
clif:    0    0    0    0    0    0    0    0    0    0    0    0    0    0    0    0    0    0    0    0    0
calv:    0    0    0    0    0    0    0    0    0    0    0    0    0    0    0    0    0    0    0    0    0
crevrat:    0    0    0    0    0    0    0    0    0    0    0    0    0    0    0    0    0    0    0    0    0
bedg:-9954-9612-9203-8750-8404-8437-8499-2716-6518-9039-6066-9391-9429*****-9327-9272*************************
fedg:    0    0    0    0    0    0    0    0    0    0    0    0    0    0    0    0    0    0    0    0    0
fe01:    0    0    0    0    0    0    0    0    0    0    0    0    0    0    0    0    0    0    0    0    0
hedg:    0    0    0    0    0    0    0    0    0    0    0    0    0    0    0    0    0    0    0    0    0
basf:    0    0    0    0    0    0    0    0    0    0    0    0    0    0    0    0    0    0    0    0    0
quar:    0    0    0    0    0    0    0    0    0    0    0    0    0    0    0    0    0    0    0    0    0
ocnm:15819158761593515956159851615416752    0 9582 6642 7166 6604106341188215072175731944269147741197562377015
heai:    0    0    0    0    0    0    0    0    0    0    0    0    0    0    0    0    0    0    0    0    0
heab:    0    0    0    0    0    0    0    0    0    0    0    0    0    0    0    0    0    0    0    0    0
heas:    0    0    0    0    0    0    0    0    0    0    0    0    0    0    0    0    0    0    0    0    0
ua  :      0    0    0    0    0    0    0    0    0    0    0    0    0    0    0    0    0    0    0    0
uia :      0    0    0    0    0    0    0    0    0    0    0    0    0    0    0    0    0    0    0    0
ub  :      0    0    0    0    0    0    0    0    0    0    0    0    0    0    0    0    0    0    0    0
uadv:      0    0    0    0    0    0    0    0    0    0    0    0    0    0    0    0    0    0    0    0
dfu :      0    0    0    0    0    0    0    0    0    0    0    0    0    0    0    0    0    0    0    0
crhu:    -78  -83  -94  -94  -70  -69  -70  -55  -70  -70  -70  -70  -70  -70  -70  -70  -70  -70  -70  -70
fseu:      0    0    0    0    0    0    0    0    0    0    0    0    0    0    0    0    0    0    0    0

t*10:
1.000   -7   -8   -9  -10  -10   -9   -9  -32  -23   -6  -23   -4   -4   -2   -4   -5   -2   -1   -1    0    0
0.975   -7   -8   -9  -10  -10   -9   -9  -32  -23   -6  -23   -4   -4   -2   -4   -5   -2   -1   -1    0    0
0.900   -7   -8   -9  -10  -10   -9   -9  -32  -23   -6  -23   -4   -4   -2   -4   -5   -2   -1   -1    0    0
0.775   -7   -8   -9  -10  -10   -9   -9  -32  -23   -6  -23   -4   -4   -2   -4   -5   -2   -1   -1    0    0
0.625   -7   -8   -9  -10  -10   -9   -9  -32  -23   -6  -23   -4   -4   -2   -4   -5   -2   -1   -1    0    0
0.450   -7   -8   -9  -10  -10   -9   -9  -32  -23   -6  -23   -4   -4   -2   -4   -5   -2   -1   -1    0    0
0.275   -7   -8   -9  -10  -10   -9   -9  -32  -23   -6  -23   -4   -4   -2   -4   -5   -2   -1   -1    0    0
0.150   -7   -8   -9  -10  -10   -9   -9  -32  -23   -6  -23   -4   -4   -2   -4   -5   -2   -1   -1    0    0
0.075   -7   -8   -9  -10  -10   -9   -9  -32  -23   -6  -23   -4   -4   -2   -4   -5   -2   -1   -1    0    0
0.035   -7   -8   -9  -10  -10   -9   -9  -32  -23   -6  -23   -4   -4   -2   -4   -5   -2   -1   -1    0    0
0.010   -7   -8   -9  -10  -10   -9   -9  -32  -23   -6  -23   -4   -4   -2   -4   -5   -2   -1   -1    0    0
0.000   -7   -8   -9  -10  -10   -9   -9  -32  -23   -6  -23   -4   -4   -2   -4   -5   -2   -1   -1    0    0
tbme:    0    0    0    0    0    0    0    0    0    0    0    0    0    0    0    0    0    0    0    0    0

tsed:
0.500    0    0    0    0    0    0    0    0    0    0    0    0    0    0    0    0    0    0    0    0    0

wsed:
0.500    0    0    0    0    0    0    0    0    0    0    0    0    0    0    0    0    0    0    0    0    0

tbed:   18   17   15   13   12   13   13    3    3   17    3   19   20   23   19   19   24   24   25   25   26

u:
0.975      0    0    0    0    0    0    0    0    0    0    0    0    0    0    0    0    0    0    0    0
0.900      0    0    0    0    0    0    0    0    0    0    0    0    0    0    0    0    0    0    0    0
0.775      0    0    0    0    0    0    0    0    0    0    0    0    0    0    0    0    0    0    0    0
0.625      0    0    0    0    0    0    0    0    0    0    0    0    0    0    0    0    0    0    0    0
0.450      0    0    0    0    0    0    0    0    0    0    0    0    0    0    0    0    0    0    0    0
0.275      0    0    0    0    0    0    0    0    0    0    0    0    0    0    0    0    0    0    0    0
0.150      0    0    0    0    0    0    0    0    0    0    0    0    0    0    0    0    0    0    0    0
0.075      0    0    0    0    0    0    0    0    0    0    0    0    0    0    0    0    0    0    0    0
0.035      0    0    0    0    0    0    0    0    0    0    0    0    0    0    0    0    0    0    0    0
0.010      0    0    0    0    0    0    0    0    0    0    0    0    0    0    0    0    0    0    0    0

================================================================================
time(yr)=      2000   weirun= 2.0000   nuvtot=   515   iter[a-c]=   2   2   sealev=    0   dtantann=    0.00   dtantjan=    0.00   dtseas  =    0.00   rco2    =   1.430
d(h), bud, budi, flow, neg, err =   -0.00645849   -0.35189425    0.02804387    0.00000000    0.34543576    0.000000000000137
i1s :   16   16   16   16   16   16   16   15   15   15   14   14   13   12   12   11   10    9    8    7    6
j1s :   39   38   37   36   35   34   33   32   31   30   30   29   29   28   29   29   29   29   30   30   30
km  :   40  120  200  280  360  440  520  633  713  793  873  953 1033 1146 1226 1306 1386 1466 1579 1659 1739
 
h   :    0    0    0    0    0    0    0    0    0    0    0    0    0    0    0    0    0    0    0    0    0
hs  :    0    0    0    0    0    0    0    0    0    0    0    0    0    0    0    0    0    0    0    0    0
hb  :-1043-1278 -920 -923 -936-1092 -964 -279 -560 -847 -446 -782 -562 -567 -551 -579-2265-3785-4104-4361-4533
sed :  0.0  0.0  0.0  0.0  0.0  0.0  0.0  0.0  0.0  0.0  0.0  0.0  0.0  0.0  0.0  0.0  0.0  0.0  0.0  0.0  0.0
sedu:  0.0  0.0  0.0  0.0  0.0  0.0  0.0  0.0  0.0  0.0  0.0  0.0  0.0  0.0  0.0  0.0  0.0  0.0  0.0  0.0  0.0
topb:-1043-1278 -920 -923 -936-1092 -964 -279 -560 -847 -446 -782 -562 -567 -551 -579-2265-3785-4104-4361-4533
topq:-1052-1289 -932 -936 -949-1103 -974 -284 -563 -848 -447 -781 -561 -567 -550 -579-2265-3785-4104-4361-4533
hw  : 1043 1278  920  923  936 1092  964  279  560  847  446  782  562  567  551  579 2265 3785 4104 4361 4533
tw  :   15   14   12   10    9   10   10    0    0   14    0   16   17   20   16   15   22   24   26   27   28
mask:    1    1    1    1    1    1    1    1    1    1    1    1    1    1    1    1    1    1    1    1    1
muin:      0    0    0    0    0    0    0    0    0    0    0    0    0    0    0    0    0    0    0    0
zflo:    0    0    0    0    0    0    0    0    0    0    0    0    0    0    0    0    0    0    0    0    0
thet:  100  100  100  100  100  100  100  100  100  100  100  100  100  100  100  100  100  100  100  100  100
budg:    0    0    0    0    0    0    0    0    0    0    0    0    0    0    0    0    0    0    0    0    0
clif:    0    0    0    0    0    0    0    0    0    0    0    0    0    0    0    0    0    0    0    0    0
calv:    0    0    0    0    0    0    0    0    0    0    0    0    0    0    0    0    0    0    0    0    0
crevrat:    0    0    0    0    0    0    0    0    0    0    0    0    0    0    0    0    0    0    0    0    0
bedg:-9954-9612-9203-8750-8404-8437-8499-2716-6518-9039-6066-9391-9429*****-9327-9272*************************
fedg:    0    0    0    0    0    0    0    0    0    0    0    0    0    0    0    0    0    0    0    0    0
fe01:    0    0    0    0    0    0    0    0    0    0    0    0    0    0    0    0    0    0    0    0    0
hedg:    0    0    0    0    0    0    0    0    0    0    0    0    0    0    0    0    0    0    0    0    0
basf:    0    0    0    0    0    0    0    0    0    0    0    0    0    0    0    0    0    0    0    0    0
quar:    0    0    0    0    0    0    0    0    0    0    0    0    0    0    0    0    0    0    0    0    0
ocnm:15819158761593515956159851615416752    0 9582 6642 7160 6604106341188215072175731944269147741197562377015
heai:    0    0    0    0    0    0    0    0    0    0    0    0    0    0    0    0    0    0    0    0    0
heab:    0    0    0    0    0    0    0    0    0    0    0    0    0    0    0    0    0    0    0    0    0
heas:    0    0    0    0    0    0    0    0    0    0    0    0    0    0    0    0    0    0    0    0    0
ua  :      0    0    0    0    0    0    0    0    0    0    0    0    0    0    0    0    0    0    0    0
uia :      0    0    0    0    0    0    0    0    0    0    0    0    0    0    0    0    0    0    0    0
ub  :      0    0    0    0    0    0    0    0    0    0    0    0    0    0    0    0    0    0    0    0
uadv:      0    0    0    0    0    0    0    0    0    0    0    0    0    0    0    0    0    0    0    0
dfu :      0    0    0    0    0    0    0    0    0    0    0    0    0    0    0    0    0    0    0    0
crhu:    -78  -83  -94  -94  -70  -69  -70  -55  -70  -70  -70  -70  -70  -70  -70  -70  -70  -70  -70  -70
fseu:      0    0    0    0    0    0    0    0    0    0    0    0    0    0    0    0    0    0    0    0

t*10:
1.000   -7   -8   -9  -10  -10   -9   -9  -32  -23   -6  -23   -4   -4   -2   -4   -5   -2   -1   -1    0    0
0.975   -7   -8   -9  -10  -10   -9   -9  -32  -23   -6  -23   -4   -4   -2   -4   -5   -2   -1   -1    0    0
0.900   -7   -8   -9  -10  -10   -9   -9  -32  -23   -6  -23   -4   -4   -2   -4   -5   -2   -1   -1    0    0
0.775   -7   -8   -9  -10  -10   -9   -9  -32  -23   -6  -23   -4   -4   -2   -4   -5   -2   -1   -1    0    0
0.625   -7   -8   -9  -10  -10   -9   -9  -32  -23   -6  -23   -4   -4   -2   -4   -5   -2   -1   -1    0    0
0.450   -7   -8   -9  -10  -10   -9   -9  -32  -23   -6  -23   -4   -4   -2   -4   -5   -2   -1   -1    0    0
0.275   -7   -8   -9  -10  -10   -9   -9  -32  -23   -6  -23   -4   -4   -2   -4   -5   -2   -1   -1    0    0
0.150   -7   -8   -9  -10  -10   -9   -9  -32  -23   -6  -23   -4   -4   -2   -4   -5   -2   -1   -1    0    0
0.075   -7   -8   -9  -10  -10   -9   -9  -32  -23   -6  -23   -4   -4   -2   -4   -5   -2   -1   -1    0    0
0.035   -7   -8   -9  -10  -10   -9   -9  -32  -23   -6  -23   -4   -4   -2   -4   -5   -2   -1   -1    0    0
0.010   -7   -8   -9  -10  -10   -9   -9  -32  -23   -6  -23   -4   -4   -2   -4   -5   -2   -1   -1    0    0
0.000   -7   -8   -9  -10  -10   -9   -9  -32  -23   -6  -23   -4   -4   -2   -4   -5   -2   -1   -1    0    0
tbme:    0    0    0    0    0    0    0    0    0    0    0    0    0    0    0    0    0    0    0    0    0

tsed:
0.500    0    0    0    0    0    0    0    0    0    0    0    0    0    0    0    0    0    0    0    0    0

wsed:
0.500    0    0    0    0    0    0    0    0    0    0    0    0    0    0    0    0    0    0    0    0    0

tbed:   18   17   15   13   12   13   13    3    3   17    3   19   20   23   19   19   25   27   29   30   31

u:
0.975      0    0    0    0    0    0    0    0    0    0    0    0    0    0    0    0    0    0    0    0
0.900      0    0    0    0    0    0    0    0    0    0    0    0    0    0    0    0    0    0    0    0
0.775      0    0    0    0    0    0    0    0    0    0    0    0    0    0    0    0    0    0    0    0
0.625      0    0    0    0    0    0    0    0    0    0    0    0    0    0    0    0    0    0    0    0
0.450      0    0    0    0    0    0    0    0    0    0    0    0    0    0    0    0    0    0    0    0
0.275      0    0    0    0    0    0    0    0    0    0    0    0    0    0    0    0    0    0    0    0
0.150      0    0    0    0    0    0    0    0    0    0    0    0    0    0    0    0    0    0    0    0
0.075      0    0    0    0    0    0    0    0    0    0    0    0    0    0    0    0    0    0    0    0
0.035      0    0    0    0    0    0    0    0    0    0    0    0    0    0    0    0    0    0    0    0
0.010      0    0    0    0    0    0    0    0    0    0    0    0    0    0    0    0    0    0    0    0

================================================================================
time(yr)=      3000   weirun= 2.0000   nuvtot=   534   iter[a-c]=   2   2   sealev=    0   dtantann=    0.00   dtantjan=    0.00   dtseas  =    0.00   rco2    =   1.430
d(h), bud, budi, flow, neg, err =   -0.01362989   -0.36631434    0.01266248    0.00000000    0.35268445   -0.000000000000089
i1s :   16   16   16   16   16   16   16   15   15   15   14   14   13   12   12   11   10    9    8    7    6
j1s :   39   38   37   36   35   34   33   32   31   30   30   29   29   28   29   29   29   29   30   30   30
km  :   40  120  200  280  360  440  520  633  713  793  873  953 1033 1146 1226 1306 1386 1466 1579 1659 1739
 
h   :    0    0    0    0    0    0    0    0    0    0    0    0    0    0    0    0    0    0    0    0    0
hs  :    0    0    0    0    0    0    0    0    0    0    0    0    0    0    0    0    0    0    0    0    0
hb  :-1039-1273 -914 -916 -930-1086 -960 -277 -559 -846 -446 -782 -562 -567 -551 -579-2265-3785-4104-4361-4533
sed :  0.0  0.0  0.0  0.0  0.0  0.0  0.0  0.0  0.0  0.0  0.0  0.0  0.0  0.0  0.0  0.0  0.0  0.0  0.0  0.0  0.0
sedu:  0.0  0.0  0.0  0.0  0.0  0.0  0.0  0.0  0.0  0.0  0.0  0.0  0.0  0.0  0.0  0.0  0.0  0.0  0.0  0.0  0.0
topb:-1039-1273 -914 -916 -930-1086 -960 -277 -559 -846 -446 -782 -562 -567 -551 -579-2265-3785-4104-4361-4533
topq:-1052-1289 -932 -936 -949-1103 -974 -284 -563 -848 -447 -781 -561 -567 -550 -579-2265-3785-4104-4361-4533
hw  : 1039 1273  914  916  930 1086  960  277  559  846  446  782  562  567  551  579 2265 3785 4104 4361 4533
tw  :   15   14   12   10    9   10   10    0    0   14    0   16   17   20   16   15   22   25   27   28   29
mask:    1    1    1    1    1    1    1    1    1    1    1    1    1    1    1    1    1    1    1    1    1
muin:      0    0    0    0    0    0    0    0    0    0    0    0    0    0    0    0    0    0    0    0
zflo:    0    0    0    0    0    0    0    0    0    0    0    0    0    0    0    0    0    0    0    0    0
thet:  100  100  100  100  100  100  100  100  100  100  100  100  100  100  100  100  100  100  100  100  100
budg:    0    0    0    0    0    0    0    0    0    0    0    0    0    0    0    0    0    0    0    0    0
clif:    0    0    0    0    0    0    0    0    0    0    0    0    0    0    0    0    0    0    0    0    0
calv:    0    0    0    0    0    0    0    0    0    0    0    0    0    0    0    0    0    0    0    0    0
crevrat:    0    0    0    0    0    0    0    0    0    0    0    0    0    0    0    0    0    0    0    0    0
bedg:-9954-9612-9203-8750-8404-8437-8499-2716-6518-9039-6066-9391-9429*****-9327-9272*************************
fedg:    0    0    0    0    0    0    0    0    0    0    0    0    0    0    0    0    0    0    0    0    0
fe01:    0    0    0    0    0    0    0    0    0    0    0    0    0    0    0    0    0    0    0    0    0
hedg:    0    0    0    0    0    0    0    0    0    0    0    0    0    0    0    0    0    0    0    0    0
basf:    0    0    0    0    0    0    0    0    0    0    0    0    0    0    0    0    0    0    0    0    0
quar:    0    0    0    0    0    0    0    0    0    0    0    0    0    0    0    0    0    0    0    0    0
ocnm:15819158761593515956159851615416752    0 9582 6642 7155 6604106341188215072175731944269147741197562377015
heai:    0    0    0    0    0    0    0    0    0    0    0    0    0    0    0    0    0    0    0    0    0
heab:    0    0    0    0    0    0    0    0    0    0    0    0    0    0    0    0    0    0    0    0    0
heas:    0    0    0    0    0    0    0    0    0    0    0    0    0    0    0    0    0    0    0    0    0
ua  :      0    0    0    0    0    0    0    0    0    0    0    0    0    0    0    0    0    0    0    0
uia :      0    0    0    0    0    0    0    0    0    0    0    0    0    0    0    0    0    0    0    0
ub  :      0    0    0    0    0    0    0    0    0    0    0    0    0    0    0    0    0    0    0    0
uadv:      0    0    0    0    0    0    0    0    0    0    0    0    0    0    0    0    0    0    0    0
dfu :      0    0    0    0    0    0    0    0    0    0    0    0    0    0    0    0    0    0    0    0
crhu:    -78  -83  -94  -94  -70  -69  -70  -55  -70  -70  -70  -70  -70  -70  -70  -70  -70  -70  -70  -70
fseu:      0    0    0    0    0    0    0    0    0    0    0    0    0    0    0    0    0    0    0    0

t*10:
1.000   -7   -8   -9  -10  -10   -9   -9  -32  -23   -6  -23   -4   -4   -2   -4   -5   -2   -1   -1    0    0
0.975   -7   -8   -9  -10  -10   -9   -9  -32  -23   -6  -23   -4   -4   -2   -4   -5   -2   -1   -1    0    0
0.900   -7   -8   -9  -10  -10   -9   -9  -32  -23   -6  -23   -4   -4   -2   -4   -5   -2   -1   -1    0    0
0.775   -7   -8   -9  -10  -10   -9   -9  -32  -23   -6  -23   -4   -4   -2   -4   -5   -2   -1   -1    0    0
0.625   -7   -8   -9  -10  -10   -9   -9  -32  -23   -6  -23   -4   -4   -2   -4   -5   -2   -1   -1    0    0
0.450   -7   -8   -9  -10  -10   -9   -9  -32  -23   -6  -23   -4   -4   -2   -4   -5   -2   -1   -1    0    0
0.275   -7   -8   -9  -10  -10   -9   -9  -32  -23   -6  -23   -4   -4   -2   -4   -5   -2   -1   -1    0    0
0.150   -7   -8   -9  -10  -10   -9   -9  -32  -23   -6  -23   -4   -4   -2   -4   -5   -2   -1   -1    0    0
0.075   -7   -8   -9  -10  -10   -9   -9  -32  -23   -6  -23   -4   -4   -2   -4   -5   -2   -1   -1    0    0
0.035   -7   -8   -9  -10  -10   -9   -9  -32  -23   -6  -23   -4   -4   -2   -4   -5   -2   -1   -1    0    0
0.010   -7   -8   -9  -10  -10   -9   -9  -32  -23   -6  -23   -4   -4   -2   -4   -5   -2   -1   -1    0    0
0.000   -7   -8   -9  -10  -10   -9   -9  -32  -23   -6  -23   -4   -4   -2   -4   -5   -2   -1   -1    0    0
tbme:    0    0    0    0    0    0    0    0    0    0    0    0    0    0    0    0    0    0    0    0    0

tsed:
0.500    0    0    0    0    0    0    0    0    0    0    0    0    0    0    0    0    0    0    0    0    0

wsed:
0.500    0    0    0    0    0    0    0    0    0    0    0    0    0    0    0    0    0    0    0    0    0

tbed:   18   17   15   13   12   13   13    3    3   17    3   19   20   23   19   19   25   28   30   31   32

u:
0.975      0    0    0    0    0    0    0    0    0    0    0    0    0    0    0    0    0    0    0    0
0.900      0    0    0    0    0    0    0    0    0    0    0    0    0    0    0    0    0    0    0    0
0.775      0    0    0    0    0    0    0    0    0    0    0    0    0    0    0    0    0    0    0    0
0.625      0    0    0    0    0    0    0    0    0    0    0    0    0    0    0    0    0    0    0    0
0.450      0    0    0    0    0    0    0    0    0    0    0    0    0    0    0    0    0    0    0    0
0.275      0    0    0    0    0    0    0    0    0    0    0    0    0    0    0    0    0    0    0    0
0.150      0    0    0    0    0    0    0    0    0    0    0    0    0    0    0    0    0    0    0    0
0.075      0    0    0    0    0    0    0    0    0    0    0    0    0    0    0    0    0    0    0    0
0.035      0    0    0    0    0    0    0    0    0    0    0    0    0    0    0    0    0    0    0    0
0.010      0    0    0    0    0    0    0    0    0    0    0    0    0    0    0    0    0    0    0    0

================================================================================
time(yr)=      4000   weirun= 2.0000   nuvtot=   543   iter[a-c]=   2   2   sealev=    0   dtantann=    0.00   dtantjan=    0.00   dtseas  =    0.00   rco2    =   1.430
d(h), bud, budi, flow, neg, err =   -0.01797812   -0.38035792   -0.00955820    0.00000000    0.36237981   -0.000000000000177
i1s :   16   16   16   16   16   16   16   15   15   15   14   14   13   12   12   11   10    9    8    7    6
j1s :   39   38   37   36   35   34   33   32   31   30   30   29   29   28   29   29   29   29   30   30   30
km  :   40  120  200  280  360  440  520  633  713  793  873  953 1033 1146 1226 1306 1386 1466 1579 1659 1739
 
h   :    0    0    0    0    0    0    0    0    0    0    0    0    0    0    0    0    0    0    0    0    0
hs  :    0    0    0    0    0    0    0    0    0    0    0    0    0    0    0    0    0    0    0    0    0
hb  :-1035-1267 -907 -910 -924-1081 -955 -274 -558 -846 -446 -782 -562 -567 -551 -579-2265-3785-4104-4361-4533
sed :  0.0  0.0  0.0  0.0  0.0  0.0  0.0  0.0  0.0  0.0  0.0  0.0  0.0  0.0  0.0  0.0  0.0  0.0  0.0  0.0  0.0
sedu:  0.0  0.0  0.0  0.0  0.0  0.0  0.0  0.0  0.0  0.0  0.0  0.0  0.0  0.0  0.0  0.0  0.0  0.0  0.0  0.0  0.0
topb:-1035-1267 -907 -910 -924-1081 -955 -274 -558 -846 -446 -782 -562 -567 -551 -579-2265-3785-4104-4361-4533
topq:-1052-1289 -932 -936 -949-1103 -974 -284 -563 -848 -447 -781 -561 -567 -550 -579-2265-3785-4104-4361-4533
hw  : 1035 1267  907  910  924 1081  955  274  558  846  446  782  562  567  551  579 2265 3785 4104 4361 4533
tw  :   15   14   12   10    9   10   10    0    0   14    0   16   17   20   16   15   22   25   27   28   29
mask:    1    1    1    1    1    1    1    1    1    1    1    1    1    1    1    1    1    1    1    1    1
muin:      0    0    0    0    0    0    0    0    0    0    0    0    0    0    0    0    0    0    0    0
zflo:    0    0    0    0    0    0    0    0    0    0    0    0    0    0    0    0    0    0    0    0    0
thet:  100  100  100  100  100  100  100  100  100  100  100  100  100  100  100  100  100  100  100  100  100
budg:    0    0    0    0    0    0    0    0    0    0    0    0    0    0    0    0    0    0    0    0    0
clif:    0    0    0    0    0    0    0    0    0    0    0    0    0    0    0    0    0    0    0    0    0
calv:    0    0    0    0    0    0    0    0    0    0    0    0    0    0    0    0    0    0    0    0    0
crevrat:    0    0    0    0    0    0    0    0    0    0    0    0    0    0    0    0    0    0    0    0    0
bedg:-9954-9612-9203-8750-8404-8437-8499-2716-6518-9039-6066-9391-9429*****-9327-9272*************************
fedg:    0    0    0    0    0    0    0    0    0    0    0    0    0    0    0    0    0    0    0    0    0
fe01:    0    0    0    0    0    0    0    0    0    0    0    0    0    0    0    0    0    0    0    0    0
hedg:    0    0    0    0    0    0    0    0    0    0    0    0    0    0    0    0    0    0    0    0    0
basf:    0    0    0    0    0    0    0    0    0    0    0    0    0    0    0    0    0    0    0    0    0
quar:    0    0    0    0    0    0    0    0    0    0    0    0    0    0    0    0    0    0    0    0    0
ocnm:15819158761593515956159851615416752    0 9582 6642 7149 6604106341188215072175731944269147741197562377015
heai:    0    0    0    0    0    0    0    0    0    0    0    0    0    0    0    0    0    0    0    0    0
heab:    0    0    0    0    0    0    0    0    0    0    0    0    0    0    0    0    0    0    0    0    0
heas:    0    0    0    0    0    0    0    0    0    0    0    0    0    0    0    0    0    0    0    0    0
ua  :      0    0    0    0    0    0    0    0    0    0    0    0    0    0    0    0    0    0    0    0
uia :      0    0    0    0    0    0    0    0    0    0    0    0    0    0    0    0    0    0    0    0
ub  :      0    0    0    0    0    0    0    0    0    0    0    0    0    0    0    0    0    0    0    0
uadv:      0    0    0    0    0    0    0    0    0    0    0    0    0    0    0    0    0    0    0    0
dfu :      0    0    0    0    0    0    0    0    0    0    0    0    0    0    0    0    0    0    0    0
crhu:    -78  -83  -94  -94  -70  -69  -70  -55  -70  -70  -70  -70  -70  -70  -70  -70  -70  -70  -70  -70
fseu:      0    0    0    0    0    0    0    0    0    0    0    0    0    0    0    0    0    0    0    0

t*10:
1.000   -7   -8   -9  -10  -10   -9   -9  -32  -23   -6  -23   -4   -4   -2   -4   -5   -2   -1   -1    0    0
0.975   -7   -8   -9  -10  -10   -9   -9  -32  -23   -6  -23   -4   -4   -2   -4   -5   -2   -1   -1    0    0
0.900   -7   -8   -9  -10  -10   -9   -9  -32  -23   -6  -23   -4   -4   -2   -4   -5   -2   -1   -1    0    0
0.775   -7   -8   -9  -10  -10   -9   -9  -32  -23   -6  -23   -4   -4   -2   -4   -5   -2   -1   -1    0    0
0.625   -7   -8   -9  -10  -10   -9   -9  -32  -23   -6  -23   -4   -4   -2   -4   -5   -2   -1   -1    0    0
0.450   -7   -8   -9  -10  -10   -9   -9  -32  -23   -6  -23   -4   -4   -2   -4   -5   -2   -1   -1    0    0
0.275   -7   -8   -9  -10  -10   -9   -9  -32  -23   -6  -23   -4   -4   -2   -4   -5   -2   -1   -1    0    0
0.150   -7   -8   -9  -10  -10   -9   -9  -32  -23   -6  -23   -4   -4   -2   -4   -5   -2   -1   -1    0    0
0.075   -7   -8   -9  -10  -10   -9   -9  -32  -23   -6  -23   -4   -4   -2   -4   -5   -2   -1   -1    0    0
0.035   -7   -8   -9  -10  -10   -9   -9  -32  -23   -6  -23   -4   -4   -2   -4   -5   -2   -1   -1    0    0
0.010   -7   -8   -9  -10  -10   -9   -9  -32  -23   -6  -23   -4   -4   -2   -4   -5   -2   -1   -1    0    0
0.000   -7   -8   -9  -10  -10   -9   -9  -32  -23   -6  -23   -4   -4   -2   -4   -5   -2   -1   -1    0    0
tbme:    0    0    0    0    0    0    0    0    0    0    0    0    0    0    0    0    0    0    0    0    0

tsed:
0.500    0    0    0    0    0    0    0    0    0    0    0    0    0    0    0    0    0    0    0    0    0

wsed:
0.500    0    0    0    0    0    0    0    0    0    0    0    0    0    0    0    0    0    0    0    0    0

tbed:   18   17   15   13   12   13   13    3    3   17    3   19   20   23   19   19   25   28   30   31   32

u:
0.975      0    0    0    0    0    0    0    0    0    0    0    0    0    0    0    0    0    0    0    0
0.900      0    0    0    0    0    0    0    0    0    0    0    0    0    0    0    0    0    0    0    0
0.775      0    0    0    0    0    0    0    0    0    0    0    0    0    0    0    0    0    0    0    0
0.625      0    0    0    0    0    0    0    0    0    0    0    0    0    0    0    0    0    0    0    0
0.450      0    0    0    0    0    0    0    0    0    0    0    0    0    0    0    0    0    0    0    0
0.275      0    0    0    0    0    0    0    0    0    0    0    0    0    0    0    0    0    0    0    0
0.150      0    0    0    0    0    0    0    0    0    0    0    0    0    0    0    0    0    0    0    0
0.075      0    0    0    0    0    0    0    0    0    0    0    0    0    0    0    0    0    0    0    0
0.035      0    0    0    0    0    0    0    0    0    0    0    0    0    0    0    0    0    0    0    0
0.010      0    0    0    0    0    0    0    0    0    0    0    0    0    0    0    0    0    0    0    0

================================================================================
time(yr)=      5000   weirun= 2.0000   nuvtot=   538   iter[a-c]=   2   2   sealev=    0   dtantann=    0.00   dtantjan=    0.00   dtseas  =    0.00   rco2    =   1.430
d(h), bud, budi, flow, neg, err =   -0.01499705   -0.35459068    0.00677965    0.00000000    0.33959363   -0.000000000000193
i1s :   16   16   16   16   16   16   16   15   15   15   14   14   13   12   12   11   10    9    8    7    6
j1s :   39   38   37   36   35   34   33   32   31   30   30   29   29   28   29   29   29   29   30   30   30
km  :   40  120  200  280  360  440  520  633  713  793  873  953 1033 1146 1226 1306 1386 1466 1579 1659 1739
 
h   :    0    0    0    0    0    0    0    0    0    0    0    0    0    0    0    0    0    0    0    0    0
hs  :    0    0    0    0    0    0    0    0    0    0    0    0    0    0    0    0    0    0    0    0    0
hb  :-1031-1262 -901 -904 -918-1075 -951 -272 -557 -846 -446 -782 -562 -567 -551 -579-2265-3785-4104-4361-4533
sed :  0.0  0.0  0.0  0.0  0.0  0.0  0.0  0.0  0.0  0.0  0.0  0.0  0.0  0.0  0.0  0.0  0.0  0.0  0.0  0.0  0.0
sedu:  0.0  0.0  0.0  0.0  0.0  0.0  0.0  0.0  0.0  0.0  0.0  0.0  0.0  0.0  0.0  0.0  0.0  0.0  0.0  0.0  0.0
topb:-1031-1262 -901 -904 -918-1075 -951 -272 -557 -846 -446 -782 -562 -567 -551 -579-2265-3785-4104-4361-4533
topq:-1052-1289 -932 -936 -949-1103 -974 -284 -563 -848 -447 -781 -561 -567 -550 -579-2265-3785-4104-4361-4533
hw  : 1031 1262  901  904  918 1075  951  272  557  846  446  782  562  567  551  579 2265 3785 4104 4361 4533
tw  :   15   14   12   10    9   10   10    0    0   14    0   16   17   20   16   15   22   25   27   28   29
mask:    1    1    1    1    1    1    1    1    1    1    1    1    1    1    1    1    1    1    1    1    1
muin:      0    0    0    0    0    0    0    0    0    0    0    0    0    0    0    0    0    0    0    0
zflo:    0    0    0    0    0    0    0    0    0    0    0    0    0    0    0    0    0    0    0    0    0
thet:  100  100  100  100  100  100  100  100  100  100  100  100  100  100  100  100  100  100  100  100  100
budg:    0    0    0    0    0    0    0    0    0    0    0    0    0    0    0    0    0    0    0    0    0
clif:    0    0    0    0    0    0    0    0    0    0    0    0    0    0    0    0    0    0    0    0    0
calv:    0    0    0    0    0    0    0    0    0    0    0    0    0    0    0    0    0    0    0    0    0
crevrat:    0    0    0    0    0    0    0    0    0    0    0    0    0    0    0    0    0    0    0    0    0
bedg:-9954-9612-9203-8750-8404-8437-8499-2716-6518-9039-6066-9391-9429*****-9327-9272*************************
fedg:    0    0    0    0    0    0    0    0    0    0    0    0    0    0    0    0    0    0    0    0    0
fe01:    0    0    0    0    0    0    0    0    0    0    0    0    0    0    0    0    0    0    0    0    0
hedg:    0    0    0    0    0    0    0    0    0    0    0    0    0    0    0    0    0    0    0    0    0
basf:    0    0    0    0    0    0    0    0    0    0    0    0    0    0    0    0    0    0    0    0    0
quar:    0    0    0    0    0    0    0    0    0    0    0    0    0    0    0    0    0    0    0    0    0
ocnm:15819158761593515956159851615416752    0 9582 6642 7144 6604106341188215072175731944269147741197562377015
heai:    0    0    0    0    0    0    0    0    0    0    0    0    0    0    0    0    0    0    0    0    0
heab:    0    0    0    0    0    0    0    0    0    0    0    0    0    0    0    0    0    0    0    0    0
heas:    0    0    0    0    0    0    0    0    0    0    0    0    0    0    0    0    0    0    0    0    0
ua  :      0    0    0    0    0    0    0    0    0    0    0    0    0    0    0    0    0    0    0    0
uia :      0    0    0    0    0    0    0    0    0    0    0    0    0    0    0    0    0    0    0    0
ub  :      0    0    0    0    0    0    0    0    0    0    0    0    0    0    0    0    0    0    0    0
uadv:      0    0    0    0    0    0    0    0    0    0    0    0    0    0    0    0    0    0    0    0
dfu :      0    0    0    0    0    0    0    0    0    0    0    0    0    0    0    0    0    0    0    0
crhu:    -78  -83  -94  -94  -70  -69  -70  -55  -70  -70  -70  -70  -70  -70  -70  -70  -70  -70  -70  -70
fseu:      0    0    0    0    0    0    0    0    0    0    0    0    0    0    0    0    0    0    0    0

t*10:
1.000   -7   -8   -9  -10  -10   -9   -9  -32  -23   -6  -23   -4   -4   -2   -4   -5   -2   -1   -1    0    0
0.975   -7   -8   -9  -10  -10   -9   -9  -32  -23   -6  -23   -4   -4   -2   -4   -5   -2   -1   -1    0    0
0.900   -7   -8   -9  -10  -10   -9   -9  -32  -23   -6  -23   -4   -4   -2   -4   -5   -2   -1   -1    0    0
0.775   -7   -8   -9  -10  -10   -9   -9  -32  -23   -6  -23   -4   -4   -2   -4   -5   -2   -1   -1    0    0
0.625   -7   -8   -9  -10  -10   -9   -9  -32  -23   -6  -23   -4   -4   -2   -4   -5   -2   -1   -1    0    0
0.450   -7   -8   -9  -10  -10   -9   -9  -32  -23   -6  -23   -4   -4   -2   -4   -5   -2   -1   -1    0    0
0.275   -7   -8   -9  -10  -10   -9   -9  -32  -23   -6  -23   -4   -4   -2   -4   -5   -2   -1   -1    0    0
0.150   -7   -8   -9  -10  -10   -9   -9  -32  -23   -6  -23   -4   -4   -2   -4   -5   -2   -1   -1    0    0
0.075   -7   -8   -9  -10  -10   -9   -9  -32  -23   -6  -23   -4   -4   -2   -4   -5   -2   -1   -1    0    0
0.035   -7   -8   -9  -10  -10   -9   -9  -32  -23   -6  -23   -4   -4   -2   -4   -5   -2   -1   -1    0    0
0.010   -7   -8   -9  -10  -10   -9   -9  -32  -23   -6  -23   -4   -4   -2   -4   -5   -2   -1   -1    0    0
0.000   -7   -8   -9  -10  -10   -9   -9  -32  -23   -6  -23   -4   -4   -2   -4   -5   -2   -1   -1    0    0
tbme:    0    0    0    0    0    0    0    0    0    0    0    0    0    0    0    0    0    0    0    0    0

tsed:
0.500    0    0    0    0    0    0    0    0    0    0    0    0    0    0    0    0    0    0    0    0    0

wsed:
0.500    0    0    0    0    0    0    0    0    0    0    0    0    0    0    0    0    0    0    0    0    0

tbed:   18   17   15   13   12   13   13    3    3   17    3   19   20   23   19   19   25   28   30   31   32

u:
0.975      0    0    0    0    0    0    0    0    0    0    0    0    0    0    0    0    0    0    0    0
0.900      0    0    0    0    0    0    0    0    0    0    0    0    0    0    0    0    0    0    0    0
0.775      0    0    0    0    0    0    0    0    0    0    0    0    0    0    0    0    0    0    0    0
0.625      0    0    0    0    0    0    0    0    0    0    0    0    0    0    0    0    0    0    0    0
0.450      0    0    0    0    0    0    0    0    0    0    0    0    0    0    0    0    0    0    0    0
0.275      0    0    0    0    0    0    0    0    0    0    0    0    0    0    0    0    0    0    0    0
0.150      0    0    0    0    0    0    0    0    0    0    0    0    0    0    0    0    0    0    0    0
0.075      0    0    0    0    0    0    0    0    0    0    0    0    0    0    0    0    0    0    0    0
0.035      0    0    0    0    0    0    0    0    0    0    0    0    0    0    0    0    0    0    0    0
0.010      0    0    0    0    0    0    0    0    0    0    0    0    0    0    0    0    0    0    0    0
